sample imputed structure_allele_best structure_allele_prob structure1 structure2 C4A_CN C4B_CN C4HERV_CN C4AL_CN C4AS_CN C4BL_CN C4BS_CN dose1 dose2 pd_c4a pd_c4b pd_c4herv pd_c4al pd_c4as pd_c4bl pd_c4bs
GTEX-P4PP-0004-SM-2H2WW 4|4:0,0,0,1.01,0,0.27,0,0,0,0,0.05,0.14,0.41,0.05,0.01,0,0,0,0,0,0,0,0,0,0 4|4 0,0,0,1.01,0,0.27,0,0,0,0,0.05,0.14,0.41,0.05,0.01,0,0,0,0,0,0,0,0,0,0 <AL-BL-3> <AL-BL-3> 2 2 4 2 0 2 0 0.505 0.505 2.61 1.67 4.23 2.61 0 1.62 0.05
GTEX-PWO3-0004-SM-2IJGP 3|1:0.77,0,0.95,0.02,0,0,0,0.01,0.01,0.02,0.15,0.01,0,0,0,0,0,0,0,0,0,0,0,0,0 3|1 0.77,0,0.95,0.02,0,0,0,0.01,0.01,0.02,0.15,0.01,0,0,0,0,0,0,0,0,0,0,0,0,0 <BS> <AL-AL-1> 2 1 2 2 0 0 1 0.95 0.77 1.76 1.17 1.96 1.76 0 0.2 0.97
GTEX-PW2O-0004-SM-2IJGJ 4|19:0.02,0,0,0.96,0,0,0,0,0,0,0.17,0.02,0.01,0.06,0,0,0,0,0.7,0,0,0,0,0,0 4|19 0.02,0,0,0.96,0,0,0,0,0,0,0.17,0.02,0.01,0.06,0,0,0,0,0.7,0,0,0,0,0,0 <AL-BL-3> <AL> 2 1 3 2 0 1 0 0.96 0.7 1.97 1.22 3.13 1.97 0 1.16 0.06
GTEX-U3ZH-0003-SM-3G3RZ 8|11:0.02,0.02,0.03,0.28,0,0.02,0.02,0.98,0.03,0.05,0.33,0.13,0.01,0,0,0,0.02,0.01,0,0,0,0,0,0,0 8|11 0.02,0.02,0.03,0.28,0,0.02,0.02,0.98,0.03,0.05,0.33,0.13,0.01,0,0,0,0.02,0.01,0,0,0,0,0,0,0 <AL-BS-4> <AL-BL-other> 2 2 3 2 0 1 1 0.98 0.33 1.98 1.9 2.78 1.98 0 0.8 1.1
GTEX-PLZ4-0003-SM-2IJGB 11|17:0,0,0,0,0,0,0,0,0,0,0.96,0,0,0,0,0,0.96,0,0,0,0,0,0,0,0 11|17 0,0,0,0,0,0,0,0,0,0,0.96,0,0,0,0,0,0.96,0,0,0,0,0,0,0,0 <AL-BL-other> <AL-BS-2> 2 2 3 2 0 1 1 0.96 0.96 1.92 1.92 2.88 1.92 0 0.96 0.96
GTEX-P44G-0926-SM-325AM 4|8:0,0,0,0.7,0,0.03,0,0.96,0,0,0.01,0.05,0.11,0.02,0.07,0,0,0,0,0,0,0,0,0,0 4|8 0,0,0,0.7,0,0.03,0,0.96,0,0,0.01,0.05,0.11,0.02,0.07,0,0,0,0,0,0,0,0,0,0 <AL-BL-3> <AL-BS-4> 2 2 3 2 0 1 1 0.7 0.96 2.02 1.92 2.96 2.02 0 0.94 0.98
GTEX-WOFL-0003-SM-3PZ7H 8|4:0,0,0,0.84,0,0.02,0,0.96,0,0,0.01,0.09,0.01,0,0,0,0,0,0,0.01,0,0,0,0,0 8|4 0,0,0,0.84,0,0.02,0,0.96,0,0,0.01,0.09,0.01,0,0,0,0,0,0,0.01,0,0,0,0,0 <AL-BS-4> <AL-BL-3> 2 2 3 2 0 1 1 0.96 0.84 1.97 1.93 2.94 1.97 0 0.97 0.96
GTEX-QMRM-0002-SM-2MRIF 6|4:0,0,0,0.96,0,0.85,0,0,0,0,0,0.01,0,0,0,0,0,0,0,0,0,0,0.09,0,0 6|4 0,0,0,0.96,0,0.85,0,0,0,0,0,0.01,0,0,0,0,0,0,0,0,0,0,0.09,0,0 <AL-AL-2> <AL-BL-3> 3 1 4 3 0 1 0 0.85 0.96 2.94 0.97 3.91 2.94 0 0.97 0
GTEX-Q2AG-0003-SM-2IJGG 10|3:0,0.01,0.96,0,0,0,0,0,0,0.69,0.01,0,0,0,0.01,0,0,0.15,0.07,0.02,0,0,0,0.02,0 10|3 0,0.01,0.96,0,0,0,0,0,0,0.69,0.01,0,0,0,0.01,0,0,0.15,0.07,0.02,0,0,0,0.02,0 <AL-BL-2> <BS> 1 2 2 1 0 1 1 0.69 0.96 1.12 1.76 1.89 1.12 0 0.77 0.99
GTEX-QDT8-0926-SM-325A6 7|4:0,0,0,0.91,0,0.02,0.96,0,0,0,0,0.03,0.01,0,0,0,0,0,0,0,0,0,0,0,0 7|4 0,0,0,0.91,0,0.02,0.96,0,0,0,0,0.03,0.01,0,0,0,0,0,0,0,0,0,0,0,0 <AL-BS-3> <AL-BL-3> 2 2 3 2 0 1 1 0.96 0.91 1.96 1.91 2.91 1.96 0 0.95 0.96
GTEX-QV31-0003-SM-2MRI2 3|8:0,0.01,0.94,0,0,0,0,0.96,0,0.02,0,0,0,0,0,0,0,0,0,0,0,0,0,0,0 3|8 0,0.01,0.94,0,0,0,0,0.96,0,0.02,0,0,0,0,0,0,0,0,0,0,0,0,0,0,0 <BS> <AL-BS-4> 1 2 1 1 0 0 2 0.94 0.96 0.99 1.93 1.01 0.99 0 0.02 1.91
GTEX-PLZ6-0003-SM-2IJGD 8|12:0,0,0,0.05,0,0.01,0,0.95,0,0,0.01,0.91,0,0,0,0,0,0,0,0,0,0,0,0,0 8|12 0,0,0,0.05,0,0.01,0,0.95,0,0,0.01,0.91,0,0,0,0,0,0,0,0,0,0,0,0,0 <AL-BS-4> <AL-BL-1> 2 2 3 2 0 1 1 0.95 0.91 1.94 1.92 2.91 1.94 0 0.97 0.95
GTEX-TMMY-0003-SM-3G3SV 16|19:0.04,0.02,0.08,0.08,0,0.02,0.09,0.02,0.02,0.04,0.26,0.03,0,0.11,0,0.5,0.02,0.01,0.59,0,0,0,0,0,0.04 16|19 0.04,0.02,0.08,0.08,0,0.02,0.09,0.02,0.02,0.04,0.26,0.03,0,0.11,0,0.5,0.02,0.01,0.59,0,0,0,0,0,0.04 <AL-AS-BS-BS> <AL> 3 2 2 2 1 0 2 0.5 0.59 2.42 1.85 2.37 1.92 0.5 0.45 1.4
GTEX-OIZG-0003-SM-2BWYZ 8|19:0.03,0,0,0.03,0,0,0,0.96,0,0.01,0.26,0.01,0,0.07,0,0,0,0,0.58,0,0,0,0,0,0 8|19 0.03,0,0,0.03,0,0,0,0.96,0,0.01,0.26,0.01,0,0.07,0,0,0,0,0.58,0,0,0,0,0,0 <AL-BS-4> <AL> 2 1 2 2 0 0 1 0.96 0.58 1.98 1.34 2.29 1.98 0 0.31 1.03
GTEX-WYJK-0001-SM-3PZ7Z 10|19:0.03,0.01,0.02,0.03,0,0,0,0,0,0.76,0.26,0.01,0,0.07,0.01,0,0,0.09,0.62,0.04,0,0,0,0.01,0 10|19 0.03,0.01,0.02,0.03,0,0,0,0,0,0.76,0.26,0.01,0,0.07,0.01,0,0,0.09,0.62,0.04,0,0,0,0.01,0 <AL-BL-2> <AL> 2 1 3 2 0 1 0 0.76 0.62 2.05 1.27 3.21 2.05 0 1.16 0.11
GTEX-Q2AI-0003-SM-2IJGK 8|17:0.03,0.03,0.05,0.1,0,0.03,0.03,1,0.04,0.08,0.02,0.04,0.01,0.02,0,0,0.48,0.02,0,0,0,0,0,0,0 8|17 0.03,0.03,0.05,0.1,0,0.03,0.03,1,0.04,0.08,0.02,0.04,0.01,0.02,0,0,0.48,0.02,0,0,0,0,0,0,0 <AL-BS-4> <AL-BS-2> 2 2 2 2 0 0 2 1 0.48 2.02 1.9 2.27 2.02 0 0.25 1.65
GTEX-XBED-0004-SM-3PZ7G 9|3:0,0.01,0.97,0,0,0,0,0,0.93,0.02,0,0,0,0,0,0,0,0,0,0,0,0,0,0,0 9|3 0,0.01,0.97,0,0,0,0,0,0.93,0.02,0,0,0,0,0,0,0,0,0,0,0,0,0,0,0 <AL-BS-5> <BS> 1 2 1 1 0 0 2 0.93 0.97 0.96 1.93 0.98 0.96 0 0.02 1.91
GTEX-RUSQ-0001-SM-2RXER 2|7:0,0.84,0.01,0,0,0,0.96,0,0,0.02,0.1,0,0,0,0,0,0,0,0,0,0,0.01,0,0,0 2|7 0,0.84,0.01,0,0,0,0.96,0,0,0.02,0.1,0,0,0,0,0,0,0,0,0,0,0.01,0,0,0 <AL-BS-1> <AL-BS-3> 2 2 2 2 0 0 2 0.84 0.96 1.94 1.94 2.06 1.94 0 0.12 1.82
GTEX-U8XE-0004-SM-3G3SU 4|3:0,0,0.95,0.53,0,0.06,0,0,0,0.01,0.04,0.31,0.02,0.01,0.01,0,0,0,0,0,0,0,0,0,0 4|3 0,0,0.95,0.53,0,0.06,0,0,0,0.01,0.04,0.31,0.02,0.01,0.01,0,0,0,0,0,0,0,0,0,0 <AL-BL-3> <BS> 1 2 2 1 0 1 1 0.53 0.95 1.06 1.88 1.98 1.06 0 0.92 0.96
GTEX-X5EB-0001-SM-3PZ7V 2|10:0,0.5,0.08,0,0,0,0,0,0,0.91,0.28,0,0,0,0.01,0,0,0.09,0.02,0.04,0,0,0,0.01,0 2|10 0,0.5,0.08,0,0,0,0,0,0,0.91,0.28,0,0,0,0.01,0,0,0.09,0.02,0.04,0,0,0,0.01,0 <AL-BS-1> <AL-BL-2> 2 2 3 2 0 1 1 0.5 0.91 1.94 1.88 3.23 1.94 0 1.29 0.59
GTEX-QEG4-0003-SM-2MRI5 4|10:0,0.01,0.02,0.91,0,0.02,0,0,0,0.68,0.01,0.02,0.02,0.01,0.01,0,0,0.14,0.08,0.02,0,0,0,0.02,0 4|10 0,0.01,0.02,0.91,0,0.02,0,0,0,0.68,0.01,0.02,0.02,0.01,0.01,0,0,0.14,0.08,0.02,0,0,0,0.02,0 <AL-BL-3> <AL-BL-2> 2 2 4 2 0 2 0 0.91 0.68 2.12 1.77 3.83 2.12 0 1.71 0.06
GTEX-VUSG-0002-SM-3G3SC 1|17:0.98,0.03,0.05,0.1,0,0.03,0.03,0.05,0.04,0.08,0.02,0.04,0.01,0.02,0,0,0.48,0.02,0,0,0,0,0,0,0 1|17 0.98,0.03,0.05,0.1,0,0.03,0.03,0.05,0.04,0.08,0.02,0.04,0.01,0.02,0,0,0.48,0.02,0,0,0,0,0,0,0 <AL-AL-1> <AL-BS-2> 3 1 3 3 0 0 1 0.98 0.48 2.97 0.95 3.22 2.97 0 0.25 0.7
GTEX-U8T8-2026-SM-3L286 8|1:0.96,0,0,0,0,0,0,0.96,0,0,0,0,0,0,0,0,0,0,0,0,0,0,0,0,0 8|1 0.96,0,0,0,0,0,0,0.96,0,0,0,0,0,0,0,0,0,0,0,0,0,0,0,0,0 <AL-BS-4> <AL-AL-1> 3 1 3 3 0 0 1 0.96 0.96 2.88 0.96 2.88 2.88 0 0 0.96
GTEX-S4UY-0003-SM-2VCTU 2|4:0,0.61,0.05,0.75,0,0.07,0,0,0,0.1,0.16,0.08,0.02,0.02,0.01,0,0,0.02,0,0.02,0,0.06,0.01,0,0 2|4 0,0.61,0.05,0.75,0,0.07,0,0,0,0.1,0.16,0.08,0.02,0.02,0.01,0,0,0.02,0,0.02,0,0.06,0.01,0,0 <AL-BS-1> <AL-BL-3> 2 2 3 2 0 1 1 0.61 0.75 2.11 1.9 3.27 2.11 0 1.16 0.74
GTEX-SJXC-0003-SM-325AA 4|10:0,0.01,0.02,0.96,0,0,0,0,0,0.78,0.01,0,0,0,0.01,0,0,0.09,0.03,0.03,0,0,0,0.01,0 4|10 0,0.01,0.02,0.96,0,0,0,0,0,0.78,0.01,0,0,0,0.01,0,0,0.09,0.03,0.03,0,0,0,0.01,0 <AL-BL-3> <AL-BL-2> 2 2 4 2 0 2 0 0.96 0.78 2.01 1.87 3.84 2.01 0 1.83 0.04
GTEX-SIU7-0002-SM-2VCU5 17|9:0,0,0.01,0,0,0,0,0,0.95,0,0,0,0,0.01,0,0,0.95,0,0,0,0,0,0,0,0 17|9 0,0,0.01,0,0,0,0,0,0.95,0,0,0,0,0.01,0,0,0.95,0,0,0,0,0,0,0,0 <AL-BS-2> <AL-BS-5> 2 2 2 2 0 0 2 0.95 0.95 1.91 1.92 1.91 1.91 0 0 1.92
GTEX-WL46-0002-SM-3PZ7T 19|14:0.05,0.02,0.02,0.1,0,0.02,0.01,0.02,0.04,0.04,0.3,0.04,0,0.79,0,0,0.01,0,0.5,0,0,0,0,0,0 19|14 0.05,0.02,0.02,0.1,0,0.02,0.01,0.02,0.04,0.04,0.3,0.04,0,0.79,0,0,0.01,0,0.5,0,0,0,0,0,0 <AL> <AL-BS-other> 2 1 2 2 0 0 1 0.5 0.79 2.01 1.39 2.49 2.01 0 0.48 0.91
GTEX-X4LF-0001-SM-3PZ79 10|4:0,0.01,0.01,0.79,0,0.03,0,0,0,0.79,0.02,0.07,0.02,0.01,0.06,0,0,0.05,0.02,0.09,0,0,0,0.01,0 10|4 0,0.01,0.01,0.79,0,0.03,0,0,0,0.79,0.02,0.07,0.02,0.01,0.06,0,0,0.05,0.02,0.09,0,0,0,0.01,0 <AL-BL-2> <AL-BL-3> 2 2 4 2 0 2 0 0.79 0.79 2.01 1.98 3.95 2.01 0 1.94 0.04
GTEX-REY6-0004-SM-2RXEZ 16|11:0.01,0.01,0.02,0.05,0.05,0.02,0.01,0.02,0.02,0.03,0.75,0.02,0,0,0,0.96,0.01,0,0,0,0,0,0,0,0 16|11 0.01,0.01,0.02,0.05,0.05,0.02,0.01,0.02,0.02,0.03,0.75,0.02,0,0,0,0.96,0.01,0,0,0,0,0,0,0,0 <AL-AS-BS-BS> <AL-BL-other> 3 3 3 2 1 1 2 0.96 0.75 3 2.91 2.89 1.99 1.01 0.9 2.01
GTEX-V955-0001-SM-3G3SX 3|10:0,0.01,0.96,0,0,0,0,0,0,0.83,0.01,0,0,0,0.01,0,0,0.06,0.02,0.03,0,0,0,0.01,0 3|10 0,0.01,0.96,0,0,0,0,0,0,0.83,0.01,0,0,0,0.01,0,0,0.06,0.02,0.03,0,0,0,0.01,0 <BS> <AL-BL-2> 1 2 2 1 0 1 1 0.96 0.83 1.03 1.9 1.95 1.03 0 0.92 0.98
GTEX-WFJO-0003-SM-3G3S3 4|11:0,0,0,0.79,0,0.03,0,0,0,0.03,0.7,0.05,0.1,0.07,0.02,0,0,0,0.16,0,0,0,0,0,0 4|11 0,0,0,0.79,0,0.03,0,0,0,0.03,0.7,0.05,0.1,0.07,0.02,0,0,0,0.16,0,0,0,0,0,0 <AL-BL-3> <AL-BL-other> 2 2 4 2 0 2 0 0.79 0.7 2.06 1.76 3.75 2.06 0 1.69 0.07
GTEX-S4Z8-0003-SM-2VCTZ 17|12:0.03,0.03,0.05,0.16,0,0.04,0.03,0.05,0.04,0.08,0.02,0.93,0.01,0.02,0,0,0.48,0.02,0,0,0,0,0,0,0 17|12 0.03,0.03,0.05,0.16,0,0.04,0.03,0.05,0.04,0.08,0.02,0.93,0.01,0.02,0,0,0.48,0.02,0,0,0,0,0,0,0 <AL-BS-2> <AL-BL-1> 2 2 3 2 0 1 1 0.48 0.93 2.04 1.9 3.24 2.04 0 1.2 0.7
GTEX-S32W-0001-SM-2VCTS 11|3:0.02,0.02,0.33,0.07,0,0.02,0.02,0.03,0.03,0.05,0.97,0.32,0,0.01,0,0,0.02,0.01,0.03,0,0,0,0,0,0 11|3 0.02,0.02,0.33,0.07,0,0.02,0.02,0.03,0.03,0.05,0.97,0.32,0,0.01,0,0,0.02,0.01,0.03,0,0,0,0,0,0 <AL-BL-other> <BS> 1 2 2 1 0 1 1 0.97 0.33 1.67 1.87 3.08 1.67 0 1.41 0.46
GTEX-Q734-0001-SM-2IJGM 2|4:0.01,0.87,0.02,0.6,0,0.06,0.01,0.01,0.02,0.05,0.05,0.03,0.07,0.07,0.02,0,0.01,0,0.01,0,0,0.08,0,0,0 2|4 0.01,0.87,0.02,0.6,0,0.06,0.01,0.01,0.02,0.05,0.05,0.03,0.07,0.07,0.02,0,0.01,0,0.01,0,0,0.08,0,0,0 <AL-BS-1> <AL-BL-3> 2 2 3 2 0 1 1 0.87 0.6 2.17 1.91 2.99 2.17 0 0.82 1.09
GTEX-UPK5-0002-SM-3G3SL 4|10:0,0.01,0.02,0.59,0,0.05,0,0,0,0.76,0.02,0.04,0.05,0.22,0.02,0,0,0.11,0.05,0.02,0,0,0,0.02,0 4|10 0,0.01,0.02,0.59,0,0.05,0,0,0,0.76,0.02,0.04,0.05,0.22,0.02,0,0,0.11,0.05,0.02,0,0,0,0.02,0 <AL-BL-3> <AL-BL-2> 2 2 4 2 0 2 0 0.59 0.76 2.15 1.81 3.69 2.15 0 1.54 0.27
GTEX-X8HC-0003-SM-3PZ7F 10|10:0,0.02,0.03,0,0,0,0,0,0,1.46,0.02,0,0,0,0.02,0,0,0.21,0.08,0.07,0,0,0,0.03,0 10|10 0,0.02,0.03,0,0,0,0,0,0,1.46,0.02,0,0,0,0.02,0,0,0.21,0.08,0.07,0,0,0,0.03,0 <AL-BL-2> <AL-BL-2> 2 2 4 2 0 2 0 0.73 0.73 2.1 1.75 3.77 2.1 0 1.67 0.08
GTEX-W5WG-0003-SM-3G3SH 4|4:0,0,0,1.26,0,0.03,0,0,0,0,0.01,0.13,0.02,0.01,0.47,0,0,0,0,0,0,0,0,0,0 4|4 0,0,0,1.26,0,0.03,0,0,0,0,0.01,0.13,0.02,0.01,0.47,0,0,0,0,0,0,0,0,0,0 <AL-BL-3> <AL-BL-3> 2 2 4 2 0 2 0 0.63 0.63 1.51 1.9 3.4 1.51 0 1.89 0.01
GTEX-QVUS-0001-SM-2RXET 6|14:0,0,0,0.02,0,0.91,0,0,0,0,0,0.01,0,0.96,0,0,0,0,0,0,0,0,0.03,0,0 6|14 0,0,0,0.02,0,0.91,0,0,0,0,0,0.01,0,0.96,0,0,0,0,0,0,0,0,0.03,0,0 <AL-AL-2> <AL-BS-other> 3 1 3 3 0 0 1 0.91 0.96 2.9 0.99 2.93 2.9 0 0.03 0.96
GTEX-WYBS-0126-SM-3PZ7C 12|2:0,0.93,0,0.02,0,0,0,0,0,0.01,0.02,0.94,0,0,0,0,0,0,0,0,0,0.01,0,0,0 12|2 0,0.93,0,0.02,0,0,0,0,0,0.01,0.02,0.94,0,0,0,0,0,0,0,0,0,0.01,0,0,0 <AL-BL-1> <AL-BS-1> 2 2 3 2 0 1 1 0.94 0.93 1.94 1.93 2.93 1.94 0 0.99 0.94
GTEX-WFG8-0004-SM-3G3SO 4|8:0.02,0.02,0.03,0.63,0,0.02,0.02,0.98,0.04,0.06,0.02,0.07,0,0,0,0,0.02,0.01,0,0.02,0,0,0,0,0 4|8 0.02,0.02,0.03,0.63,0,0.02,0.02,0.98,0.04,0.06,0.02,0.07,0,0,0,0,0.02,0.01,0,0.02,0,0,0,0,0 <AL-BL-3> <AL-BS-4> 2 2 3 2 0 1 1 0.63 0.98 1.98 1.93 2.8 1.98 0 0.82 1.11
GTEX-OXRN-0003-SM-2H2X4 17|9:0.02,0.02,0.04,0.29,0,0.04,0.02,0.03,0.36,0.05,0.03,0.03,0.03,0.02,0.02,0,0.97,0.01,0,0,0,0,0,0,0 17|9 0.02,0.02,0.04,0.29,0,0.04,0.02,0.03,0.36,0.05,0.03,0.03,0.03,0.02,0.02,0,0.97,0.01,0,0,0,0,0,0,0 <AL-BS-2> <AL-BS-5> 2 2 2 2 0 0 2 0.97 0.36 2.02 1.91 2.47 2.02 0 0.45 1.46
GTEX-QEG5-0003-SM-2MRI7 8|13:0,0,0,0.43,0,0.02,0,0.96,0,0,0.01,0.02,0.48,0.01,0,0,0,0,0,0,0,0,0,0,0 8|13 0,0,0,0.43,0,0.02,0,0.96,0,0,0.01,0.02,0.48,0.01,0,0,0,0,0,0,0,0,0,0,0 <AL-BS-4> <AL-AL-BL> 3 2 4 3 0 1 1 0.96 0.48 2.43 1.91 3.37 2.43 0 0.94 0.97
GTEX-WFON-0003-SM-3G3S8 11|4:0.03,0.03,0.05,0.61,0,0.05,0.03,0.05,0.04,0.07,0.49,0.06,0.4,0.02,0,0,0.03,0.02,0,0,0,0,0,0,0 11|4 0.03,0.03,0.05,0.61,0,0.05,0.03,0.05,0.04,0.07,0.49,0.06,0.4,0.02,0,0,0.03,0.02,0,0,0,0,0,0,0 <AL-BL-other> <AL-BL-3> 2 2 4 2 0 2 0 0.49 0.61 2.43 1.88 4.06 2.43 0 1.63 0.25
GTEX-S7SF-0003-SM-2VCU4 11|3:0,0,0.95,0.33,0,0.03,0,0,0,0.01,0.51,0.05,0.03,0.02,0.02,0,0,0,0,0,0,0,0,0,0 11|3 0,0,0.95,0.33,0,0.03,0,0,0,0.01,0.51,0.05,0.03,0.02,0.02,0,0,0,0,0,0,0,0,0,0 <AL-BL-other> <BS> 1 2 2 1 0 1 1 0.51 0.95 1.04 1.92 1.99 1.04 0 0.95 0.97
GTEX-OIZF-0004-SM-2BWYY 6|4:0,0,0,0.96,0,0.81,0,0,0,0,0,0.01,0.01,0,0,0,0,0,0,0,0,0,0.13,0,0 6|4 0,0,0,0.96,0,0.81,0,0,0,0,0,0.01,0.01,0,0,0,0,0,0,0,0,0,0.13,0,0 <AL-AL-2> <AL-BL-3> 3 1 4 3 0 1 0 0.81 0.96 3 0.98 3.98 3 0 0.98 0
GTEX-OOBK-0004-SM-2BWYT 14|2:0.03,0.63,0.04,0.18,0,0.03,0.02,0.04,0.04,0.08,0.34,0.04,0,0.22,0.02,0.22,0.02,0.01,0,0,0,0.01,0,0,0 14|2 0.03,0.63,0.04,0.18,0,0.03,0.02,0.04,0.04,0.08,0.34,0.04,0,0.22,0.02,0.22,0.02,0.01,0,0,0,0.01,0,0,0 <AL-BS-other> <AL-BS-1> 2 2 2 2 0 0 2 0.22 0.63 2.21 2.12 2.65 1.99 0.22 0.66 1.46
GTEX-WEY5-0003-SM-3G3SD 4|19:0,0,0,0.7,0,0.03,0,0,0,0,0.03,0.14,0.02,0.02,0.07,0,0,0,0.94,0,0,0,0,0,0 4|19 0,0,0,0.7,0,0.03,0,0,0,0,0.03,0.14,0.02,0.02,0.07,0,0,0,0.94,0,0,0,0,0,0 <AL-BL-3> <AL> 2 1 3 2 0 1 0 0.7 0.94 1.93 0.98 2.89 1.93 0 0.96 0.02
GTEX-R55E-0003-SM-2MRIC 10|4:0.04,0.04,0.07,1.1,0,0.05,0.05,0.07,0.06,0.24,0.05,0.07,0.01,0.01,0,0,0.04,0.04,0.01,0.01,0,0,0,0,0 10|4 0.04,0.04,0.07,1.1,0,0.05,0.05,0.07,0.06,0.24,0.05,0.07,0.01,0.01,0,0,0.04,0.04,0.01,0.01,0,0,0,0,0 <AL-BL-2> <AL-BL-3> 2 2 4 2 0 2 0 0.24 1.1 2.03 1.83 3.52 2.03 0 1.49 0.34
GTEX-T5JW-0002-SM-3G3SN 3|19:0.03,0,0.95,0.02,0,0,0,0,0,0.02,0.24,0.01,0.01,0.08,0,0,0,0,0.58,0,0,0,0,0,0 3|19 0.03,0,0.95,0.02,0,0,0,0,0,0.02,0.24,0.01,0.01,0.08,0,0,0,0,0.58,0,0,0,0,0,0 <BS> <AL> 1 1 1 1 0 0 1 0.95 0.58 1.03 1.33 1.33 1.03 0 0.3 1.03
GTEX-S4P3-0004-SM-2VCTW 8|11:0,0,0,0,0,0,0,0.96,0,0,0.96,0,0,0,0,0,0,0,0,0,0,0,0,0,0 8|11 0,0,0,0,0,0,0,0.96,0,0,0.96,0,0,0,0,0,0,0,0,0,0,0,0,0,0 <AL-BS-4> <AL-BL-other> 2 2 3 2 0 1 1 0.96 0.96 1.92 1.92 2.88 1.92 0 0.96 0.96
GTEX-WRHK-0003-SM-3PZ7S 17|4:0,0,0,0.48,0,0.03,0,0,0,0,0.33,0.07,0.03,0.02,0.02,0,0.96,0,0,0,0,0,0,0,0 17|4 0,0,0,0.48,0,0.03,0,0,0,0,0.33,0.07,0.03,0.02,0.02,0,0.96,0,0,0,0,0,0,0,0 <AL-BS-2> <AL-BL-3> 2 2 3 2 0 1 1 0.96 0.48 1.98 1.91 2.91 1.98 0 0.93 0.98
GTEX-X4EO-0003-SM-3PZ83 4|4:0.02,0.02,0.08,0.8,0,0.09,0.02,0.03,0.31,0.05,0.05,0.15,0.04,0.25,0.02,0,0.02,0.01,0,0,0,0,0,0,0 4|4 0.02,0.02,0.08,0.8,0,0.09,0.02,0.03,0.31,0.05,0.05,0.15,0.04,0.25,0.02,0,0.02,0.01,0,0,0,0,0,0,0 <AL-BL-3> <AL-BL-3> 2 2 4 2 0 2 0 0.4 0.4 2.02 1.84 3.13 2.02 0 1.11 0.73
GTEX-NL4W-0009-SM-2BWZB 17|4:0,0,0,0.76,0,0.03,0,0,0,0,0.02,0.12,0.03,0.02,0.02,0,0.95,0,0,0,0,0,0,0,0 17|4 0,0,0,0.76,0,0.03,0,0,0,0,0.02,0.12,0.03,0.02,0.02,0,0.95,0,0,0,0,0,0,0,0 <AL-BS-2> <AL-BL-3> 2 2 3 2 0 1 1 0.95 0.76 1.99 1.92 2.94 1.99 0 0.95 0.97
GTEX-TMZS-0002-SM-3G3S5 4|8:0,0,0,0.95,0,0,0,0.86,0,0.01,0.08,0.01,0,0,0,0,0,0,0.03,0,0,0,0,0,0 4|8 0,0,0,0.95,0,0,0,0.86,0,0.01,0.08,0.01,0,0,0,0,0,0,0.03,0,0,0,0,0,0 <AL-BL-3> <AL-BS-4> 2 2 3 2 0 1 1 0.95 0.86 1.94 1.91 2.99 1.94 0 1.05 0.86
GTEX-QDVJ-0003-SM-2MRI3 8|10:0,0.01,0.02,0,0,0,0,0.96,0,0.66,0.01,0,0,0,0.01,0,0,0.16,0.07,0.03,0,0,0,0.02,0 8|10 0,0.01,0.02,0,0,0,0,0.96,0,0.66,0.01,0,0,0,0.01,0,0,0.16,0.07,0.03,0,0,0,0.02,0 <AL-BS-4> <AL-BL-2> 2 2 3 2 0 1 1 0.96 0.66 2.08 1.77 2.84 2.08 0 0.76 1.01
GTEX-PVOW-1026-SM-325A8 9|14:0.02,0.02,0.04,0.11,0,0.02,0.02,0.03,0.35,0.05,0.27,0.03,0.01,0.96,0,0,0.02,0.01,0,0,0,0,0,0,0 9|14 0.02,0.02,0.04,0.11,0,0.02,0.02,0.03,0.35,0.05,0.27,0.03,0.01,0.96,0,0,0.02,0.01,0,0,0,0,0,0,0 <AL-BS-5> <AL-BS-other> 2 2 2 2 0 0 2 0.35 0.96 1.98 1.91 2.45 1.98 0 0.47 1.44
GTEX-T6MN-0003-SM-325AF 9|10:0,0.01,0.02,0,0,0,0,0,0.95,0.84,0.01,0,0,0,0.01,0,0,0.05,0.02,0.03,0,0,0,0.01,0 9|10 0,0.01,0.02,0,0,0,0,0,0.95,0.84,0.01,0,0,0,0.01,0,0,0.05,0.02,0.03,0,0,0,0.01,0 <AL-BS-5> <AL-BL-2> 2 2 3 2 0 1 1 0.95 0.84 1.97 1.92 2.9 1.97 0 0.93 0.99
GTEX-SN8G-0002-SM-325AH 4|6:0,0,0,0.59,0,0.92,0,0,0,0,0.09,0.22,0.02,0.01,0.01,0,0,0,0,0,0,0,0.08,0,0 4|6 0,0,0,0.59,0,0.92,0,0,0,0,0.09,0.22,0.02,0.01,0.01,0,0,0,0,0,0,0,0.08,0,0 <AL-BL-3> <AL-AL-2> 3 1 4 3 0 1 0 0.59 0.92 3.03 0.94 3.96 3.03 0 0.93 0.01
GTEX-R3RS-0001-SM-2RXF4 4|11:0,0,0,0.5,0,0.11,0,0,0,0,0.99,0.29,0.02,0.01,0.01,0,0,0,0.01,0,0,0,0,0,0 4|11 0,0,0,0.5,0,0.11,0,0,0,0,0.99,0.29,0.02,0.01,0.01,0,0,0,0.01,0,0,0,0,0,0 <AL-BL-3> <AL-BL-other> 2 2 4 2 0 2 0 0.5 0.99 2.06 1.82 3.87 2.06 0 1.81 0.01
GTEX-NPJ7-0009-SM-2BWYS 7|3:0,0,0.95,0,0,0,0.96,0,0,0.01,0,0,0,0,0,0,0,0,0,0,0,0,0,0,0 7|3 0,0,0.95,0,0,0,0.96,0,0,0.01,0,0,0,0,0,0,0,0,0,0,0,0,0,0,0 <AL-BS-3> <BS> 1 2 1 1 0 0 2 0.96 0.95 0.97 1.92 0.98 0.97 0 0.01 1.91
GTEX-WY7C-0002-SM-3PZ81 17|7:0,0,0,0,0,0,0.96,0,0,0,0,0,0,0.01,0,0,0.95,0,0,0,0,0,0,0,0 17|7 0,0,0,0,0,0,0.96,0,0,0,0,0,0,0.01,0,0,0.95,0,0,0,0,0,0,0,0 <AL-BS-2> <AL-BS-3> 2 2 2 2 0 0 2 0.95 0.96 1.92 1.92 1.92 1.92 0 0 1.92
GTEX-QEL4-0004-SM-2RXF3 10|7:0,0.01,0.01,0,0,0,0.96,0,0,0.83,0,0,0,0,0.08,0,0,0.03,0.01,0.01,0,0,0,0.01,0 10|7 0,0.01,0.01,0,0,0,0.96,0,0,0.83,0,0,0,0,0.08,0,0,0.03,0.01,0.01,0,0,0,0.01,0 <AL-BL-2> <AL-BS-3> 2 2 3 2 0 1 1 0.83 0.96 1.89 1.93 2.83 1.89 0 0.94 0.99
GTEX-SNMC-0004-SM-3259Z 3|4:0,0.01,0.94,0.86,0,0.02,0,0,0,0.02,0.01,0.08,0,0,0,0,0,0,0,0.01,0,0,0,0,0 3|4 0,0.01,0.94,0.86,0,0.02,0,0,0,0.02,0.01,0.08,0,0,0,0,0,0,0,0.01,0,0,0,0,0 <BS> <AL-BL-3> 1 2 2 1 0 1 1 0.94 0.86 1.03 1.94 2.02 1.03 0 0.99 0.95
GTEX-T2IS-0002-SM-3259Y 19|8:0.06,0,0.01,0.05,0,0,0,0.96,0.01,0.01,0.23,0.03,0,0.12,0,0,0,0,0.47,0,0,0,0,0,0 19|8 0.06,0,0.01,0.05,0,0,0,0.96,0.01,0.01,0.23,0.03,0,0.12,0,0,0,0,0.47,0,0,0,0,0,0 <AL> <AL-BS-4> 2 1 2 2 0 0 1 0.47 0.96 2 1.42 2.32 2 0 0.32 1.1
GTEX-U3ZN-0001-SM-3G3SR 10|12:0,0.01,0.02,0.1,0,0.01,0,0,0,0.8,0.01,0.86,0,0,0.01,0,0,0.06,0.02,0.06,0,0,0,0.01,0 10|12 0,0.01,0.02,0.1,0,0.01,0,0,0,0.8,0.01,0.86,0,0,0.01,0,0,0.06,0.02,0.06,0,0,0,0.01,0 <AL-BL-2> <AL-BL-1> 2 2 4 2 0 2 0 0.8 0.86 2.01 1.95 3.92 2.01 0 1.91 0.04
GTEX-WQUQ-0002-SM-3PZ78 9|12:0.02,0.02,0.04,0.33,0,0.04,0.02,0.03,0.36,0.05,0.03,0.94,0.03,0.02,0.02,0,0.02,0.01,0,0,0,0,0,0,0 9|12 0.02,0.02,0.04,0.33,0,0.04,0.02,0.03,0.36,0.05,0.03,0.94,0.03,0.02,0.02,0,0.02,0.01,0,0,0,0,0,0,0 <AL-BS-5> <AL-BL-1> 2 2 3 2 0 1 1 0.36 0.94 2.02 1.91 3.42 2.02 0 1.4 0.51
GTEX-V1D1-0001-SM-3G3SG 8|1:0.84,0,0,0,0,0,0,0.96,0,0,0.01,0,0,0,0,0,0,0,0,0,0,0.12,0,0,0 8|1 0.84,0,0,0,0,0,0,0.96,0,0,0.01,0,0,0,0,0,0,0,0,0,0,0.12,0,0,0 <AL-BS-4> <AL-AL-1> 3 1 3 3 0 0 1 0.96 0.84 2.89 1.09 2.9 2.89 0 0.01 1.08
GTEX-R55F-0326-SM-3G3SE 10|3:0,0.01,0.96,0,0,0,0,0,0,0.64,0.01,0,0,0,0.01,0,0,0.21,0.06,0.02,0,0,0,0.02,0 10|3 0,0.01,0.96,0,0,0,0,0,0,0.64,0.01,0,0,0,0.01,0,0,0.21,0.06,0.02,0,0,0,0.02,0 <AL-BL-2> <BS> 1 2 2 1 0 1 1 0.64 0.96 1.18 1.71 1.9 1.18 0 0.72 0.99
GTEX-O5YT-0010-SM-325AG 3|17:0.03,0.03,0.99,0.1,0,0.03,0.03,0.05,0.04,0.11,0.02,0.04,0.01,0.02,0,0,0.46,0.02,0,0,0,0,0,0,0 3|17 0.03,0.03,0.99,0.1,0,0.03,0.03,0.05,0.04,0.11,0.02,0.04,0.01,0.02,0,0,0.46,0.02,0,0,0,0,0,0,0 <BS> <AL-BS-2> 1 2 1 1 0 0 2 0.99 0.46 1.08 1.9 1.36 1.08 0 0.28 1.62
GTEX-NPJ8-0004-SM-2BWYM 1|4:0.94,0,0,0.59,0,0.09,0,0,0,0,0.08,0.14,0.05,0.05,0.01,0,0,0,0,0,0,0,0.01,0,0 1|4 0.94,0,0,0.59,0,0.09,0,0,0,0,0.08,0.14,0.05,0.05,0.01,0,0,0,0,0,0,0,0.01,0,0 <AL-AL-1> <AL-BL-3> 3 1 4 3 0 1 0 0.94 0.59 3.05 0.92 3.92 3.05 0 0.87 0.05
GTEX-OHPM-0003-SM-2BWYB 10|4:0.04,0.08,0.13,0.33,0,0.05,0.03,0.12,0.06,0.71,0.04,0.06,0.01,0.01,0.02,0,0.03,0.16,0.04,0.02,0,0,0,0.04,0 10|4 0.04,0.08,0.13,0.33,0,0.05,0.03,0.12,0.06,0.71,0.04,0.06,0.01,0.01,0.02,0,0.03,0.16,0.04,0.02,0,0,0,0.04,0 <AL-BL-2> <AL-BL-3> 2 2 4 2 0 2 0 0.71 0.33 2.09 1.75 3.34 2.09 0 1.25 0.5
GTEX-U4B1-0001-SM-3G3SS 9|4:0,0,0,0.7,0,0.03,0,0,0.96,0,0.02,0.14,0.02,0.01,0.07,0,0,0,0,0,0,0,0,0,0 9|4 0,0,0,0.7,0,0.03,0,0,0.96,0,0.02,0.14,0.02,0.01,0.07,0,0,0,0,0,0,0,0,0,0 <AL-BS-5> <AL-BL-3> 2 2 3 2 0 1 1 0.96 0.7 1.93 1.92 2.88 1.93 0 0.95 0.97
GTEX-VJWN-0003-SM-3G3S4 9|10:0,0,0.06,0,0,0,0,0,0.9,0.93,0,0,0,0,0,0,0,0.02,0.01,0.01,0,0,0,0,0 9|10 0,0,0.06,0,0,0,0,0,0.9,0.93,0,0,0,0,0,0,0,0.02,0.01,0.01,0,0,0,0,0 <AL-BS-5> <AL-BL-2> 2 2 3 2 0 1 1 0.9 0.93 1.89 1.91 2.84 1.89 0 0.95 0.96
GTEX-WHSE-1726-SM-3PZ7X 10|4:0,0.01,0.02,0.67,0,0.03,0,0,0,0.79,0.02,0.19,0.01,0,0.01,0,0,0.08,0.03,0.1,0,0,0,0.01,0 10|4 0,0.01,0.02,0.67,0,0.03,0,0,0,0.79,0.02,0.19,0.01,0,0.01,0,0,0.08,0.03,0.1,0,0,0,0.01,0 <AL-BL-2> <AL-BL-3> 2 2 4 2 0 2 0 0.79 0.67 2.06 1.94 3.96 2.06 0 1.9 0.04
GTEX-SUCS-0001-SM-325A7 4|8:0,0,0,0.66,0,0.06,0,0.96,0,0,0.01,0.03,0.15,0.05,0.02,0,0,0,0,0,0,0,0,0,0 4|8 0,0,0,0.66,0,0.06,0,0.96,0,0,0.01,0.03,0.15,0.05,0.02,0,0,0,0,0,0,0,0,0,0 <AL-BL-3> <AL-BS-4> 2 2 3 2 0 1 1 0.66 0.96 2.13 1.88 3 2.13 0 0.87 1.01
GTEX-R55C-0003-SM-2RXF1 10|10:0.02,0.09,0.09,0.06,0,0.02,0.02,0.03,0.03,1.13,0.09,0.03,0,0,0.01,0,0.02,0.18,0.09,0.04,0,0,0,0.02,0 10|10 0.02,0.09,0.09,0.06,0,0.02,0.02,0.03,0.03,1.13,0.09,0.03,0,0,0.01,0,0.02,0.18,0.09,0.04,0,0,0,0.02,0 <AL-BL-2> <AL-BL-2> 2 2 4 2 0 2 0 0.565 0.565 2.09 1.72 3.51 2.09 0 1.42 0.3
GTEX-RN64-0004-SM-2MRIG 4|19:0.03,0,0,0.96,0,0,0,0,0,0.01,0.23,0.01,0.01,0.08,0,0,0,0,0.6,0.01,0,0,0,0,0 4|19 0.03,0,0,0.96,0,0,0,0,0,0.01,0.23,0.01,0.01,0.08,0,0,0,0,0.6,0.01,0,0,0,0,0 <AL-BL-3> <AL> 2 1 3 2 0 1 0 0.96 0.6 1.98 1.32 3.22 1.98 0 1.24 0.08
GTEX-OXRO-0003-SM-2H2X6 5|4:0.05,0.04,0.08,0.18,0.95,0.05,0.04,0.08,0.07,0.13,0.05,0.07,0.01,0.1,0,0,0.04,0.02,0,0,0,0,0,0,0 5|4 0.05,0.04,0.08,0.18,0.95,0.05,0.04,0.08,0.07,0.13,0.05,0.07,0.01,0.1,0,0,0.04,0.02,0,0,0,0,0,0,0 <AL-AS-BL> <AL-BL-3> 3 2 4 2 1 2 0 0.95 0.18 2.96 1.84 3.4 2.01 0.95 1.39 0.45
GTEX-P44H-1126-SM-2VCU3 3|8:0,0,0.95,0,0,0,0,0.96,0,0.01,0,0,0,0,0,0,0,0,0,0,0,0,0,0,0 3|8 0,0,0.95,0,0,0,0,0.96,0,0.01,0,0,0,0,0,0,0,0,0,0,0,0,0,0,0 <BS> <AL-BS-4> 1 2 1 1 0 0 2 0.95 0.96 0.97 1.92 0.98 0.97 0 0.01 1.91
GTEX-UPJH-0002-SM-3G3S2 4|4:0,0,0,1.53,0,0.03,0,0,0,0,0.01,0.06,0.04,0.2,0,0,0,0,0,0.06,0,0,0,0,0 4|4 0,0,0,1.53,0,0.03,0,0,0,0,0.01,0.06,0.04,0.2,0,0,0,0,0,0.06,0,0,0,0,0 <AL-BL-3> <AL-BL-3> 2 2 4 2 0 2 0 0.765 0.765 2 1.96 3.76 2 0 1.76 0.2
GTEX-S33H-0004-SM-2VCTX 10|10:0,0.02,0.03,0,0,0,0,0,0,1.41,0.02,0,0,0,0.03,0,0,0.25,0.12,0.05,0,0,0,0.03,0 10|10 0,0.02,0.03,0,0,0,0,0,0,1.41,0.02,0,0,0,0.03,0,0,0.25,0.12,0.05,0,0,0,0.03,0 <AL-BL-2> <AL-BL-2> 2 2 4 2 0 2 0 0.705 0.705 2.15 1.67 3.74 2.15 0 1.59 0.08
GTEX-P78B-0004-SM-2MRIA 8|10:0,0.01,0.02,0,0,0,0,0.96,0,0.68,0.01,0,0,0,0.01,0,0,0.15,0.06,0.03,0,0,0,0.02,0 8|10 0,0.01,0.02,0,0,0,0,0.96,0,0.68,0.01,0,0,0,0.01,0,0,0.15,0.06,0.03,0,0,0,0.02,0 <AL-BS-4> <AL-BL-2> 2 2 3 2 0 1 1 0.96 0.68 2.07 1.79 2.85 2.07 0 0.78 1.01
GTEX-OIZI-1026-SM-2VCU2 19|17:0.03,0,0,0.03,0,0,0,0,0,0.01,0.27,0.01,0,0.08,0,0,0.95,0,0.57,0,0,0,0,0,0 19|17 0.03,0,0,0.03,0,0,0,0,0,0.01,0.27,0.01,0,0.08,0,0,0.95,0,0.57,0,0,0,0,0,0 <AL> <AL-BS-2> 2 1 2 2 0 0 1 0.57 0.95 1.98 1.35 2.3 1.98 0 0.32 1.03
GTEX-X261-0002-SM-3PZ7E 3|10:0,0.01,0.95,0,0,0,0,0,0,0.88,0.01,0,0,0,0,0,0,0.04,0.02,0.03,0,0,0,0,0 3|10 0,0.01,0.95,0,0,0,0,0,0,0.88,0.01,0,0,0,0,0,0,0.04,0.02,0.03,0,0,0,0,0 <BS> <AL-BL-2> 1 2 2 1 0 1 1 0.95 0.88 1.03 1.91 1.98 1.03 0 0.95 0.96
GTEX-WVLH-0001-SM-3PZ7K 10|4:0,0.01,0.02,0.5,0,0.38,0,0,0,0.7,0.01,0.04,0.01,0,0.01,0,0,0.14,0.05,0.03,0,0,0.04,0.03,0 10|4 0,0.01,0.02,0.5,0,0.38,0,0,0,0.7,0.01,0.04,0.01,0,0.01,0,0,0.14,0.05,0.03,0,0,0.04,0.03,0 <AL-BL-2> <AL-BL-3> 2 2 4 2 0 2 0 0.7 0.5 2.55 1.42 3.91 2.55 0 1.36 0.06
GTEX-X4EP-0002-SM-3PZ7Y 10|10:0,0.08,0.08,0,0,0,0,0,0,1.23,0.03,0,0,0,0.1,0,0,0.27,0.04,0.07,0,0.01,0,0.03,0 10|10 0,0.08,0.08,0,0,0,0,0,0,1.23,0.03,0,0,0,0.1,0,0,0.27,0.04,0.07,0,0.01,0,0.03,0 <AL-BL-2> <AL-BL-2> 2 2 4 2 0 2 0 0.615 0.615 2.04 1.73 3.57 2.04 0 1.53 0.2
GTEX-WK11-0002-SM-3PZ7M 1|14:0.95,0,0,0,0,0,0,0,0,0,0,0,0,0.96,0,0,0,0,0,0,0,0.01,0,0,0 1|14 0.95,0,0,0,0,0,0,0,0,0,0,0,0,0.96,0,0,0,0,0,0,0,0.01,0,0,0 <AL-AL-1> <AL-BS-other> 3 1 3 3 0 0 1 0.95 0.96 2.88 0.97 2.88 2.88 0 0 0.97
GTEX-U3ZM-0004-SM-3G3SF 4|4:0,0,0,1.4,0,0.11,0,0,0,0,0.02,0.17,0.12,0.08,0.04,0,0,0,0,0,0,0,0,0,0 4|4 0,0,0,1.4,0,0.11,0,0,0,0,0.02,0.17,0.12,0.08,0.04,0,0,0,0,0,0,0,0,0,0 <AL-BL-3> <AL-BL-3> 2 2 4 2 0 2 0 0.7 0.7 2.13 1.83 3.88 2.13 0 1.75 0.08
GTEX-N7MS-0009-SM-2BWY4 8|4:0,0,0,0.47,0,0.02,0,0.96,0,0,0.01,0.02,0.44,0.01,0,0,0,0,0,0,0,0,0,0,0 8|4 0,0,0,0.47,0,0.02,0,0.96,0,0,0.01,0.02,0.44,0.01,0,0,0,0,0,0,0,0,0,0,0 <AL-BS-4> <AL-BL-3> 2 2 3 2 0 1 1 0.96 0.47 2.39 1.91 3.33 2.39 0 0.94 0.97
GTEX-RVPV-0003-SM-2RXEQ 11|10:0,0.01,0.02,0,0,0,0,0,0,0.81,0.96,0,0,0,0.01,0,0,0.06,0.02,0.05,0,0,0,0.01,0 11|10 0,0.01,0.02,0,0,0,0,0,0,0.81,0.96,0,0,0,0.01,0,0,0.06,0.02,0.05,0,0,0,0.01,0 <AL-BL-other> <AL-BL-2> 2 2 4 2 0 2 0 0.96 0.81 1.98 1.93 3.87 1.98 0 1.89 0.04
GTEX-X4XX-0004-SM-3PZ7P 19|11:0.02,0,0,0.37,0,0.03,0,0,0,0,0.66,0.06,0.03,0.06,0.02,0,0,0,0.69,0,0,0,0,0,0 19|11 0.02,0,0,0.37,0,0.03,0,0,0,0,0.66,0.06,0.03,0.06,0.02,0,0,0,0.69,0,0,0,0,0,0 <AL> <AL-BL-other> 2 1 3 2 0 1 0 0.69 0.66 2 1.2 3.14 2 0 1.14 0.06
GTEX-RTLS-0004-SM-2RXEU 4|11:0.02,0.02,0.03,0.99,0.02,0.02,0.02,0.03,0.03,0.31,0.35,0.04,0,0.03,0,0,0.02,0.03,0.01,0.01,0,0,0,0,0 4|11 0.02,0.02,0.03,0.99,0.02,0.02,0.02,0.03,0.03,0.31,0.35,0.04,0,0.03,0,0,0.02,0.03,0.01,0.01,0,0,0,0,0 <AL-BL-3> <AL-BL-other> 2 2 4 2 0 2 0 0.99 0.35 2.04 1.91 3.75 2.02 0.02 1.73 0.18
GTEX-WZTO-0002-SM-3PZ84 9|4:0,0,0.03,0.56,0,0.1,0,0,0.93,0,0.01,0.04,0.05,0.2,0.02,0,0,0,0,0,0,0,0,0,0 9|4 0,0,0.03,0.56,0,0.1,0,0,0.93,0,0.01,0.04,0.05,0.2,0.02,0,0,0,0,0,0,0,0,0,0 <AL-BS-5> <AL-BL-3> 2 2 3 2 0 1 1 0.93 0.56 2.04 1.84 2.72 2.04 0 0.68 1.16
GTEX-PWOO-0004-SM-2IJGC 17|4:0,0,0,0.57,0,0.14,0,0,0,0,0.02,0.11,0.02,0.02,0.11,0,0.95,0,0,0,0,0,0,0,0 17|4 0,0,0,0.57,0,0.14,0,0,0,0,0.02,0.11,0.02,0.02,0.11,0,0.95,0,0,0,0,0,0,0,0 <AL-BS-2> <AL-BL-3> 2 2 3 2 0 1 1 0.95 0.57 1.99 1.8 2.82 1.99 0 0.83 0.97
GTEX-RNOR-0001-SM-2RXF2 10|4:0,0.01,0.02,0.62,0,0.08,0,0,0,0.69,0.06,0.12,0.06,0.04,0.02,0,0,0.15,0.07,0.02,0,0,0,0.02,0 10|4 0,0.01,0.02,0.62,0,0.08,0,0,0,0.69,0.06,0.12,0.06,0.04,0.02,0,0,0.15,0.07,0.02,0,0,0,0.02,0 <AL-BL-2> <AL-BL-3> 2 2 4 2 0 2 0 0.69 0.62 2.23 1.72 3.86 2.23 0 1.63 0.09
GTEX-X15G-0002-SM-3PZ7J 10|10:0,0.02,0.03,0,0,0,0,0,0,1.4,0.02,0,0,0,0.01,0,0,0.26,0.11,0.04,0,0,0,0.05,0 10|10 0,0.02,0.03,0,0,0,0,0,0,1.4,0.02,0,0,0,0.01,0,0,0.26,0.11,0.04,0,0,0,0.05,0 <AL-BL-2> <AL-BL-2> 2 2 4 2 0 2 0 0.7 0.7 2.16 1.66 3.72 2.16 0 1.56 0.1
GTEX-XAJ8-0001-SM-3PZ7B 6|4:0,0,0,0.74,0,0.91,0,0,0,0,0.01,0.14,0.03,0.02,0.02,0,0,0,0,0,0,0,0.06,0,0 6|4 0,0,0,0.74,0,0.91,0,0,0,0,0.01,0.14,0.03,0.02,0.02,0,0,0,0,0,0,0,0.06,0,0 <AL-AL-2> <AL-BL-3> 3 1 4 3 0 1 0 0.91 0.74 2.97 0.96 3.91 2.97 0 0.94 0.02
GTEX-P4QR-0004-SM-2H2X5 6|11:0,0,0,0.02,0,0.81,0,0,0,0,0.96,0.01,0,0,0,0,0,0,0,0,0,0,0.13,0,0 6|11 0,0,0,0.02,0,0.81,0,0,0,0,0.96,0.01,0,0,0,0,0,0,0,0,0,0,0.13,0,0 <AL-AL-2> <AL-BL-other> 3 1 4 3 0 1 0 0.81 0.96 3 0.99 3.99 3 0 0.99 0
GTEX-T5JC-0002-SM-325A9 4|4:0,0,0,1.5,0,0.11,0,0,0,0,0.01,0.08,0.14,0.05,0.03,0,0,0,0,0,0,0,0.01,0,0 4|4 0,0,0,1.5,0,0.11,0,0,0,0,0.01,0.08,0.14,0.05,0.03,0,0,0,0,0,0,0,0.01,0,0 <AL-BL-3> <AL-BL-3> 2 2 4 2 0 2 0 0.75 0.75 2.17 1.81 3.93 2.17 0 1.76 0.05
GTEX-WHSB-0004-SM-3G3RY 8|2:0,0.96,0,0,0,0,0,0.96,0,0,0,0,0,0,0,0,0,0,0,0,0,0,0,0,0 8|2 0,0.96,0,0,0,0,0,0.96,0,0,0,0,0,0,0,0,0,0,0,0,0,0,0,0,0 <AL-BS-4> <AL-BS-1> 2 2 2 2 0 0 2 0.96 0.96 1.92 1.92 1.92 1.92 0 0 1.92
GTEX-WH7G-0004-SM-3PZ86 12|1:0.92,0,0,0.05,0,0.01,0,0,0,0,0.04,0.9,0,0,0,0,0,0,0,0,0,0,0,0,0 12|1 0.92,0,0,0.05,0,0.01,0,0,0,0,0.04,0.9,0,0,0,0,0,0,0,0,0,0,0,0,0 <AL-BL-1> <AL-AL-1> 3 1 4 3 0 1 0 0.9 0.92 2.85 0.99 3.84 2.85 0 0.99 0
GTEX-TSE9-0002-SM-3G3SA 5|3:0,0,0.95,0,0.86,0,0,0,0,0.01,0.1,0,0,0,0,0,0,0,0,0,0,0,0,0,0 5|3 0,0,0.95,0,0.86,0,0,0,0,0.01,0.1,0,0,0,0,0,0,0,0,0,0,0,0,0,0 <AL-AS-BL> <BS> 2 2 2 1 1 1 1 0.86 0.95 1.83 1.92 1.94 0.97 0.86 0.97 0.95
GTEX-WOFM-0003-SM-3PZ7W 9|6:0,0,0.04,0.02,0,0.86,0,0,0.92,0,0,0.01,0,0,0,0,0,0,0,0,0,0,0.08,0,0 9|6 0,0,0.04,0.02,0,0.86,0,0,0.92,0,0,0.01,0,0,0,0,0,0,0,0,0,0,0.08,0,0 <AL-BS-5> <AL-AL-2> 3 1 3 3 0 0 1 0.92 0.86 2.91 0.99 2.94 2.91 0 0.03 0.96
GTEX-WYVS-0002-SM-3PZ7R 10|4:0,0.01,0.02,0.86,0,0.01,0,0,0,0.75,0.02,0.08,0,0,0.01,0,0,0.1,0.05,0.03,0,0,0,0.02,0 10|4 0,0.01,0.02,0.86,0,0.01,0,0,0,0.75,0.02,0.08,0,0,0.01,0,0,0.1,0.05,0.03,0,0,0,0.02,0 <AL-BL-2> <AL-BL-3> 2 2 4 2 0 2 0 0.75 0.86 2.04 1.85 3.84 2.04 0 1.8 0.05
GTEX-PWN1-0004-SM-2IJGN 11|8:0,0,0,0,0,0,0,0.96,0,0,0.96,0,0,0,0,0,0,0,0,0,0,0,0,0,0 11|8 0,0,0,0,0,0,0,0.96,0,0,0.96,0,0,0,0,0,0,0,0,0,0,0,0,0,0 <AL-BL-other> <AL-BS-4> 2 2 3 2 0 1 1 0.96 0.96 1.92 1.92 2.88 1.92 0 0.96 0.96
GTEX-T6MO-0001-SM-325AL 8|3:0,0,0.95,0,0,0,0,0.96,0,0.01,0,0,0,0,0,0,0,0,0,0,0,0,0,0,0 8|3 0,0,0.95,0,0,0,0,0.96,0,0.01,0,0,0,0,0,0,0,0,0,0,0,0,0,0,0 <AL-BS-4> <BS> 1 2 1 1 0 0 2 0.96 0.95 0.97 1.92 0.98 0.97 0 0.01 1.91
GTEX-OXRL-0003-SM-2H2X2 17|6:0,0,0,0.02,0,0.84,0,0,0,0,0,0.01,0,0.01,0,0,0.95,0,0,0,0,0,0.11,0,0 17|6 0,0,0,0.02,0,0.84,0,0,0,0,0,0.01,0,0.01,0,0,0.95,0,0,0,0,0,0.11,0,0 <AL-BS-2> <AL-AL-2> 3 1 3 3 0 0 1 0.95 0.84 3 0.99 3.03 3 0 0.03 0.96
GTEX-WRHU-0003-SM-3PZ7D 17|10:0.03,0.03,0.06,0.1,0,0.03,0.03,0.05,0.04,0.83,0.03,0.04,0.01,0.02,0.01,0,0.48,0.11,0.05,0.03,0,0,0,0.02,0 17|10 0.03,0.03,0.06,0.1,0,0.03,0.03,0.05,0.04,0.83,0.03,0.04,0.01,0.02,0.01,0,0.48,0.11,0.05,0.03,0,0,0,0.02,0 <AL-BS-2> <AL-BL-2> 2 2 3 2 0 1 1 0.48 0.83 2.11 1.83 3.21 2.11 0 1.1 0.73
GTEX-QDVN-0003-SM-2IJGQ 9|4:0,0,0.01,0.9,0,0.01,0,0,0.95,0,0.01,0.05,0,0,0,0,0,0,0,0,0,0,0,0,0 9|4 0,0,0.01,0.9,0,0.01,0,0,0.95,0,0.01,0.05,0,0,0,0,0,0,0,0,0,0,0,0,0 <AL-BS-5> <AL-BL-3> 2 2 3 2 0 1 1 0.95 0.9 1.93 1.92 2.89 1.93 0 0.96 0.96
GTEX-X4XY-0002-SM-3PZ7Q 4|19:0,0,0,0.84,0,0.03,0,0,0,0,0.01,0.06,0.02,0.01,0.02,0,0,0,0.96,0,0,0,0,0,0 4|19 0,0,0,0.84,0,0.03,0,0,0,0,0.01,0.06,0.02,0.01,0.02,0,0,0,0.96,0,0,0,0,0,0 <AL-BL-3> <AL> 2 1 3 2 0 1 0 0.84 0.96 1.98 0.96 2.93 1.98 0 0.95 0.01
GTEX-SIU8-0002-SM-325AJ 6|4:0,0,0,0.7,0,0.96,0,0,0,0,0.02,0.08,0.07,0.04,0.04,0,0,0,0,0,0,0,0.03,0,0 6|4 0,0,0,0.7,0,0.96,0,0,0,0,0.02,0.08,0.07,0.04,0.04,0,0,0,0,0,0,0,0.03,0,0 <AL-AL-2> <AL-BL-3> 3 1 4 3 0 1 0 0.96 0.7 2.99 0.95 3.9 2.99 0 0.91 0.04
GTEX-SE5C-0003-SM-325AC 7|10:0,0.01,0.02,0,0,0,0.96,0,0,0.68,0.01,0,0,0,0.01,0,0,0.15,0.07,0.02,0,0,0,0.02,0 7|10 0,0.01,0.02,0,0,0,0.96,0,0,0.68,0.01,0,0,0,0.01,0,0,0.15,0.07,0.02,0,0,0,0.02,0 <AL-BS-3> <AL-BL-2> 2 2 3 2 0 1 1 0.96 0.68 2.07 1.77 2.83 2.07 0 0.76 1.01
GTEX-PSDG-0004-SM-2IJGH 4|11:0,0,0,0.8,0,0.04,0,0,0,0,0.96,0.03,0.05,0.04,0.01,0,0,0,0,0,0,0,0,0,0 4|11 0,0,0,0.8,0,0.04,0,0,0,0,0.96,0.03,0.05,0.04,0.01,0,0,0,0,0,0,0,0,0,0 <AL-BL-3> <AL-BL-other> 2 2 4 2 0 2 0 0.8 0.96 2.01 1.89 3.86 2.01 0 1.85 0.04
GTEX-R53T-0003-SM-2RXEX 8|8:0,0,0,0,0,0,0,1.91,0,0,0,0,0,0,0,0,0,0,0,0,0,0,0,0,0 8|8 0,0,0,0,0,0,0,1.91,0,0,0,0,0,0,0,0,0,0,0,0,0,0,0,0,0 <AL-BS-4> <AL-BS-4> 2 2 2 2 0 0 2 0.955 0.955 1.91 1.91 1.91 1.91 0 0 1.91
GTEX-POYW-1226-SM-325A1 8|8:0,0,0,0,0,0,0,1.91,0,0,0.01,0,0,0,0,0,0,0,0,0,0,0,0,0,0 8|8 0,0,0,0,0,0,0,1.91,0,0,0.01,0,0,0,0,0,0,0,0,0,0,0,0,0,0 <AL-BS-4> <AL-BS-4> 2 2 2 2 0 0 2 0.955 0.955 1.92 1.92 1.93 1.92 0 0.01 1.91
GTEX-X62O-0001-SM-3PZ7O 4|10:0,0.01,0.02,0.76,0,0.03,0,0,0,0.67,0.02,0.07,0.07,0.02,0.02,0,0,0.16,0.07,0.03,0,0,0,0.02,0 4|10 0,0.01,0.02,0.76,0,0.03,0,0,0,0.67,0.02,0.07,0.07,0.02,0.02,0,0,0.16,0.07,0.03,0,0,0,0.02,0 <AL-BL-3> <AL-BL-2> 2 2 4 2 0 2 0 0.76 0.67 2.19 1.76 3.88 2.19 0 1.69 0.07
GTEX-QESD-0001-SM-2MRI9 14|5:0,0,0,0,0.7,0,0,0,0,0,0.27,0,0,0.96,0,0,0,0,0,0,0,0,0,0,0 14|5 0,0,0,0,0.7,0,0,0,0,0,0.27,0,0,0.96,0,0,0,0,0,0,0,0,0,0,0 <AL-BS-other> <AL-AS-BL> 3 2 3 2 1 1 1 0.96 0.7 2.63 1.93 2.9 1.93 0.7 0.97 0.96
GTEX-PLZ5-0003-SM-2H2X9 4|8:0,0,0,0.7,0,0.03,0,0.96,0,0,0,0.02,0.03,0.01,0.19,0,0,0,0,0,0,0,0,0,0 4|8 0,0,0,0.7,0,0.03,0,0.96,0,0,0,0.02,0.03,0.01,0.19,0,0,0,0,0,0,0,0,0,0 <AL-BL-3> <AL-BS-4> 2 2 3 2 0 1 1 0.7 0.96 1.81 1.91 2.75 1.81 0 0.94 0.97
GTEX-QMR6-1926-SM-3L285 10|3:0,0.01,0.96,0,0,0,0,0,0,0.67,0.01,0,0,0,0.01,0,0,0.17,0.08,0.02,0,0,0,0.02,0 10|3 0,0.01,0.96,0,0,0,0,0,0,0.67,0.01,0,0,0,0.01,0,0,0.17,0.08,0.02,0,0,0,0.02,0 <AL-BL-2> <BS> 1 2 2 1 0 1 1 0.67 0.96 1.15 1.74 1.9 1.15 0 0.75 0.99
GTEX-WFG7-0002-SM-3G3SI 10|4:0.03,0.03,0.05,0.4,0,0.03,0.02,0.03,0.04,0.75,0.2,0.1,0.01,0,0.01,0,0.02,0.16,0.07,0.02,0,0,0,0.02,0 10|4 0.03,0.03,0.05,0.4,0,0.03,0.02,0.03,0.04,0.75,0.2,0.1,0.01,0,0.01,0,0.02,0.16,0.07,0.02,0,0,0,0.02,0 <AL-BL-2> <AL-BL-3> 2 2 4 2 0 2 0 0.75 0.4 2.16 1.74 3.69 2.16 0 1.53 0.21
GTEX-WHWD-0002-SM-3G3SY 8|10:0,0.09,0.06,0,0,0,0,0.96,0,0.54,0.01,0,0,0,0.02,0,0,0.15,0.04,0.02,0,0,0,0.06,0 8|10 0,0.09,0.06,0,0,0,0,0.96,0,0.54,0.01,0,0,0,0.02,0,0,0.15,0.04,0.02,0,0,0,0.06,0 <AL-BS-4> <AL-BL-2> 2 2 3 2 0 1 1 0.96 0.54 2.02 1.84 2.69 2.02 0 0.67 1.17
GTEX-RWS6-0004-SM-2RXEY 14|8:0,0,0,0,0,0,0,0.96,0,0,0,0,0,0.96,0,0,0,0,0,0,0,0,0,0,0 14|8 0,0,0,0,0,0,0,0.96,0,0,0,0,0,0.96,0,0,0,0,0,0,0,0,0,0,0 <AL-BS-other> <AL-BS-4> 2 2 2 2 0 0 2 0.96 0.96 1.92 1.92 1.92 1.92 0 0 1.92
GTEX-R55G-0003-SM-2MRIE 8|17:0.03,0.03,0.05,0.1,0,0.03,0.03,1,0.04,0.08,0.02,0.04,0.01,0.02,0,0,0.48,0.02,0,0,0,0,0,0,0 8|17 0.03,0.03,0.05,0.1,0,0.03,0.03,1,0.04,0.08,0.02,0.04,0.01,0.02,0,0,0.48,0.02,0,0,0,0,0,0,0 <AL-BS-4> <AL-BS-2> 2 2 2 2 0 0 2 1 0.48 2.02 1.9 2.27 2.02 0 0.25 1.65
GTEX-P4PQ-0003-SM-2H2WY 17|10:0,0.05,0.06,0,0,0,0,0,0,0.61,0.04,0,0,0,0.01,0,0.96,0.15,0.02,0.02,0,0.01,0,0.01,0 17|10 0,0.05,0.06,0,0,0,0,0,0,0.61,0.04,0,0,0,0.01,0,0.96,0.15,0.02,0.02,0,0.01,0,0.01,0 <AL-BS-2> <AL-BL-2> 2 2 3 2 0 1 1 0.96 0.61 2.03 1.8 2.74 2.03 0 0.71 1.09
GTEX-QCQG-0003-SM-2IJGO 11|2:0,0.9,0,0,0,0,0,0,0,0.01,0.98,0,0,0,0,0,0,0,0,0,0,0.03,0,0,0 11|2 0,0.9,0,0,0,0,0,0,0,0.01,0.98,0,0,0,0,0,0,0,0,0,0,0.03,0,0,0 <AL-BL-other> <AL-BS-1> 2 2 3 2 0 1 1 0.98 0.9 1.95 1.92 2.94 1.95 0 0.99 0.93
GTEX-OXRK-0004-SM-2H2WZ 4|8:0,0,0,0.69,0,0.08,0,0.96,0,0,0.01,0.04,0.08,0.06,0.03,0,0,0,0,0,0,0,0,0,0 4|8 0,0,0,0.69,0,0.08,0,0.96,0,0,0.01,0.04,0.08,0.06,0.03,0,0,0,0,0,0,0,0,0,0 <AL-BL-3> <AL-BS-4> 2 2 3 2 0 1 1 0.69 0.96 2.08 1.87 2.93 2.08 0 0.85 1.02
GTEX-OHPN-0004-SM-2BWYH 19|17:0.03,0.03,0.05,0.1,0,0.03,0.03,0.05,0.04,0.07,0.02,0.04,0.01,0.09,0,0,0.41,0.02,0.96,0,0,0,0,0,0 19|17 0.03,0.03,0.05,0.1,0,0.03,0.03,0.05,0.04,0.07,0.02,0.04,0.01,0.09,0,0,0.41,0.02,0.96,0,0,0,0,0,0 <AL> <AL-BS-2> 2 1 2 2 0 0 1 0.96 0.41 2.02 0.94 2.26 2.02 0 0.24 0.7
GTEX-P4QT-0003-SM-2H2X3 4|2:0,0.79,0.01,0.78,0,0.03,0,0,0,0.02,0.06,0.12,0.02,0.01,0.01,0,0,0,0,0,0,0.09,0,0,0 4|2 0,0.79,0.01,0.78,0,0.03,0,0,0,0.02,0.06,0.12,0.02,0.01,0.01,0,0,0,0,0,0,0.09,0,0,0 <AL-BL-3> <AL-BS-1> 2 2 3 2 0 1 1 0.78 0.79 2.06 1.91 3.07 2.06 0 1.01 0.9
GTEX-WI4N-1326-SM-3PZ7L 4|13:0,0,0,1.18,0,0.06,0,0,0,0,0.02,0.12,0.5,0.03,0.02,0,0,0,0,0.01,0,0,0,0,0 4|13 0,0,0,1.18,0,0.06,0,0,0,0,0.02,0.12,0.5,0.03,0.02,0,0,0,0,0.01,0,0,0,0,0 <AL-BL-3> <AL-AL-BL> 3 2 5 3 0 2 0 1.18 0.5 2.48 1.89 4.34 2.48 0 1.86 0.03
GTEX-S3XE-0003-SM-2VCTV 10|3:0,0,0.95,0,0,0,0,0,0,0.91,0,0,0,0,0,0,0,0.04,0.01,0.02,0,0,0,0,0 10|3 0,0,0.95,0,0,0,0,0,0,0.91,0,0,0,0,0,0,0,0.04,0.01,0.02,0,0,0,0,0 <AL-BL-2> <BS> 1 2 2 1 0 1 1 0.91 0.95 1.02 1.9 1.97 1.02 0 0.95 0.95
GTEX-PX3G-0004-SM-2IJGE 1|12:0.94,0,0,0.05,0,0.01,0,0,0,0,0.02,0.91,0,0,0,0,0,0,0,0,0,0,0,0,0 1|12 0.94,0,0,0.05,0,0.01,0,0,0,0,0.02,0.91,0,0,0,0,0,0,0,0,0,0,0,0,0 <AL-AL-1> <AL-BL-1> 3 1 4 3 0 1 0 0.94 0.91 2.88 0.98 3.86 2.88 0 0.98 0
GTEX-T8EM-0001-SM-3G3SK 17|4:0.03,0.02,0.04,0.44,0,0.03,0.02,0.04,0.04,0.07,0.16,0.04,0.01,0.01,0,0,0.97,0.01,0,0.03,0,0,0,0,0 17|4 0.03,0.02,0.04,0.44,0,0.03,0.02,0.04,0.04,0.07,0.16,0.04,0.01,0.01,0,0,0.97,0.01,0,0.03,0,0,0,0,0 <AL-BS-2> <AL-BL-3> 2 2 3 2 0 1 1 0.97 0.44 2 1.92 2.78 2 0 0.78 1.14
GTEX-TKQ2-0002-SM-325AD 14|1:0.91,0,0,0,0,0,0,0,0,0,0.05,0,0,0.96,0,0,0,0,0,0,0,0,0,0,0 14|1 0.91,0,0,0,0,0,0,0,0,0,0.05,0,0,0.96,0,0,0,0,0,0,0,0,0,0,0 <AL-BS-other> <AL-AL-1> 3 1 3 3 0 0 1 0.96 0.91 2.83 1.01 2.88 2.83 0 0.05 0.96
GTEX-S4Q7-0001-SM-2VCU1 11|4:0,0,0,0.65,0,0.06,0,0,0,0,0.99,0.17,0.03,0.01,0.02,0,0,0,0,0.01,0,0,0,0,0 11|4 0,0,0,0.65,0,0.06,0,0,0,0,0.99,0.17,0.03,0.01,0.02,0,0,0,0,0.01,0,0,0,0,0 <AL-BL-other> <AL-BL-3> 2 2 4 2 0 2 0 0.99 0.65 2.01 1.89 3.89 2.01 0 1.88 0.01
GTEX-RM2N-0002-SM-2RXEV 10|4:0.01,0.01,0.02,0.88,0,0.05,0.01,0.01,0.02,0.63,0.02,0.07,0.01,0,0.01,0,0.01,0.12,0.07,0.03,0,0,0,0.02,0 10|4 0.01,0.01,0.02,0.88,0,0.05,0.01,0.01,0.02,0.63,0.02,0.07,0.01,0,0.01,0,0.01,0.12,0.07,0.03,0,0,0,0.02,0 <AL-BL-2> <AL-BL-3> 2 2 4 2 0 2 0 0.63 0.88 2.16 1.8 3.86 2.16 0 1.7 0.1
GTEX-S95S-0004-SM-325A4 12|6:0,0,0,0.06,0,0.87,0,0,0,0,0,0.91,0,0,0,0,0,0,0,0,0,0,0.07,0,0 12|6 0,0,0,0.06,0,0.87,0,0,0,0,0,0.91,0,0,0,0,0,0,0,0,0,0,0.07,0,0 <AL-BL-1> <AL-AL-2> 3 1 4 3 0 1 0 0.91 0.87 2.92 0.97 3.89 2.92 0 0.97 0
GTEX-O5YW-0003-SM-2H2WT 4|10:0,0.01,0.02,0.7,0,0.04,0,0,0,0.77,0.02,0.15,0.04,0.02,0.03,0,0,0.07,0.03,0.06,0,0,0,0.01,0 4|10 0,0.01,0.02,0.7,0,0.04,0,0,0,0.77,0.02,0.15,0.04,0.02,0.03,0,0,0.07,0.03,0.06,0,0,0,0.01,0 <AL-BL-3> <AL-BL-2> 2 2 4 2 0 2 0 0.7 0.77 2.07 1.9 3.91 2.07 0 1.84 0.06
GTEX-UTHO-0003-SM-3G3SP 1|3:0.92,0.01,0.94,0,0,0,0,0,0,0.02,0.04,0,0,0,0,0,0,0,0,0,0,0,0,0,0 1|3 0.92,0.01,0.94,0,0,0,0,0,0,0.02,0.04,0,0,0,0,0,0,0,0,0,0,0,0,0,0 <AL-AL-1> <BS> 2 1 2 2 0 0 1 0.92 0.94 1.91 1.01 1.97 1.91 0 0.06 0.95
GTEX-WWYW-0004-SM-3PZ7I 9|4:0,0,0,0.76,0,0.03,0,0,0.96,0,0.01,0.12,0.02,0.01,0.03,0,0,0,0,0,0,0,0,0,0 9|4 0,0,0,0.76,0,0.03,0,0,0.96,0,0.01,0.12,0.02,0.01,0.03,0,0,0,0,0,0,0,0,0,0 <AL-BS-5> <AL-BL-3> 2 2 3 2 0 1 1 0.96 0.76 1.96 1.91 2.9 1.96 0 0.94 0.97
GTEX-OIZH-0003-SM-2BWZ6 7|4:0,0,0,0.65,0,0.06,0.96,0,0,0,0.04,0.17,0.03,0.01,0.02,0,0,0,0,0.01,0,0,0,0,0 7|4 0,0,0,0.65,0,0.06,0.96,0,0,0,0.04,0.17,0.03,0.01,0.02,0,0,0,0,0.01,0,0,0,0,0 <AL-BS-3> <AL-BL-3> 2 2 3 2 0 1 1 0.96 0.65 2.02 1.9 2.95 2.02 0 0.93 0.97
GTEX-QV44-0003-SM-2MRI4 2|21:0,0.49,0.07,0,0,0,0,0,0,0.12,0.27,0,0,0.34,0,0,0,0.02,0,0,0.62,0,0,0,0 2|21 0,0.49,0.07,0,0,0,0,0,0,0.12,0.27,0,0,0.34,0,0,0,0.02,0,0,0.62,0,0,0,0 <AL-BS-1> <AL-BS-BS> 2 3 2 2 0 0 3 0.49 0.62 1.88 2.53 2.27 1.88 0 0.39 2.14
GTEX-RWSA-0003-SM-2VCTT 2|4:0,0.57,0.08,0.91,0,0.01,0,0,0,0.13,0.09,0.04,0,0,0.01,0,0,0.02,0.01,0.01,0,0.07,0,0.01,0 2|4 0,0.57,0.08,0.91,0,0.01,0,0,0,0.13,0.09,0.04,0,0,0.01,0,0,0.02,0.01,0.01,0,0.07,0,0.01,0 <AL-BS-1> <AL-BL-3> 2 2 3 2 0 1 1 0.57 0.91 1.97 1.94 3.18 1.97 0 1.21 0.73
GTEX-PWCY-0001-SM-2IJGL 10|19:0,0.01,0.02,0,0,0,0,0,0,0.66,0.01,0,0,0,0.01,0,0,0.16,1.02,0.03,0,0,0,0.02,0 10|19 0,0.01,0.02,0,0,0,0,0,0,0.66,0.01,0,0,0,0.01,0,0,0.16,1.02,0.03,0,0,0,0.02,0 <AL-BL-2> <AL> 2 1 3 2 0 1 0 0.66 1.02 2.07 0.81 2.83 2.07 0 0.76 0.05
GTEX-RVPU-0001-SM-2RXES 10|4:0,0.02,0.03,0.95,0,0,0,0,0,0.73,0.01,0,0,0,0.01,0,0,0.07,0.03,0.07,0,0,0,0.01,0 10|4 0,0.02,0.03,0.95,0,0,0,0,0,0.73,0.01,0,0,0,0.01,0,0,0.07,0.03,0.07,0,0,0,0.01,0 <AL-BL-2> <AL-BL-3> 2 2 4 2 0 2 0 0.73 0.95 1.96 1.91 3.81 1.96 0 1.85 0.06
GTEX-O5YV-0004-SM-2BWZ5 4|17:0,0,0,0.76,0,0.03,0,0,0,0,0.01,0.12,0.02,0.02,0.03,0,0.95,0,0,0,0,0,0,0,0 4|17 0,0,0,0.76,0,0.03,0,0,0,0,0.01,0.12,0.02,0.02,0.03,0,0.95,0,0,0,0,0,0,0,0 <AL-BL-3> <AL-BS-2> 2 2 3 2 0 1 1 0.76 0.95 1.96 1.91 2.9 1.96 0 0.94 0.97
GTEX-S7SE-0004-SM-325A3 3|2:0,0.45,1.01,0,0,0,0,0,0,0.17,0.26,0,0,0,0,0,0,0.03,0.01,0.01,0,0,0,0,0 3|2 0,0.45,1.01,0,0,0,0,0,0,0.17,0.26,0,0,0,0,0,0,0.03,0.01,0.01,0,0,0,0,0 <BS> <AL-BS-1> 1 2 1 1 0 0 2 1.01 0.45 0.96 1.91 1.41 0.96 0 0.45 1.46
GTEX-QXCU-0004-SM-2MRI8 14|11:0.02,0.02,0.03,0.09,0,0.02,0.02,0.03,0.03,0.26,0.34,0.03,0,0.96,0.01,0,0.02,0.05,0.01,0.01,0,0,0,0.01,0 14|11 0.02,0.02,0.03,0.09,0,0.02,0.02,0.03,0.03,0.26,0.34,0.03,0,0.96,0.01,0,0.02,0.05,0.01,0.01,0,0,0,0.01,0 <AL-BS-other> <AL-BL-other> 2 2 3 2 0 1 1 0.96 0.34 2.01 1.88 2.77 2.01 0 0.76 1.12
GTEX-OHPL-0003-SM-2BWY5 4|4:0,0,0,1.45,0,0.16,0,0,0,0.01,0.05,0.18,0.03,0.03,0.02,0,0,0,0,0.02,0,0,0.02,0,0 4|4 0,0,0,1.45,0,0.16,0,0,0,0.01,0.05,0.18,0.03,0.03,0.02,0,0,0,0,0.02,0,0,0.02,0,0 <AL-BL-3> <AL-BL-3> 2 2 4 2 0 2 0 0.725 0.725 2.18 1.81 3.96 2.18 0 1.78 0.03
GTEX-R45C-0003-SM-2RXEW 5|12:0,0,0,0.05,0.7,0.01,0,0,0,0,0.26,0.91,0,0,0,0,0,0,0,0,0,0,0,0,0 5|12 0,0,0,0.05,0.7,0.01,0,0,0,0,0.26,0.91,0,0,0,0,0,0,0,0,0,0,0,0,0 <AL-AS-BL> <AL-BL-1> 3 2 4 2 1 2 0 0.7 0.91 2.64 1.92 3.86 1.94 0.7 1.92 0
GTEX-N7MT-0009-SM-2BWYA 4|10:0,0.01,0.02,0.47,0,0.05,0,0,0,0.67,0.02,0.03,0.05,0.35,0.02,0,0,0.17,0.05,0.02,0,0,0,0.02,0 4|10 0,0.01,0.02,0.47,0,0.05,0,0,0,0.67,0.02,0.03,0.05,0.35,0.02,0,0,0.17,0.05,0.02,0,0,0,0.02,0 <AL-BL-3> <AL-BL-2> 2 2 4 2 0 2 0 0.47 0.67 2.18 1.72 3.5 2.18 0 1.32 0.4
GTEX-OXRP-0003-SM-2H2X8 1|4:0.19,0.04,0.08,0.46,0.08,0.08,0.04,0.08,0.07,0.13,0.16,0.07,0.02,0.01,0.02,0,0.04,0.02,0.33,0,0,0.08,0,0,0 1|4 0.19,0.04,0.08,0.46,0.08,0.08,0.04,0.08,0.07,0.13,0.16,0.07,0.02,0.01,0.02,0,0.04,0.02,0.33,0,0,0.08,0,0,0 <AL-AL-1> <AL-BL-3> 3 1 4 3 0 1 0 0.19 0.46 2.37 1.38 3.23 2.29 0.08 0.94 0.44
GTEX-QVJO-0002-SM-2MRI6 6|19:0.03,0,0,0.04,0,0.81,0,0,0,0.01,0.24,0.02,0.01,0.07,0,0,0,0,0.59,0,0,0,0.13,0,0 6|19 0.03,0,0,0.04,0,0.81,0,0,0,0.01,0.24,0.02,0.01,0.07,0,0,0,0,0.59,0,0,0,0.13,0,0 <AL-AL-2> <AL> 3 0 3 3 0 0 0 0.81 0.59 3.06 0.39 3.38 3.06 0 0.32 0.07
GTEX-ZTPG-0003-SM-4YUXJ 14|4:0,0,0,0.76,0,0.03,0,0,0,0,0.01,0.04,0.1,0.97,0.02,0,0,0,0,0,0,0,0,0,0 14|4 0,0,0,0.76,0,0.03,0,0,0,0,0.01,0.04,0.1,0.97,0.02,0,0,0,0,0,0,0,0,0,0 <AL-BS-other> <AL-BL-3> 2 2 3 2 0 1 1 0.97 0.76 2.04 1.9 2.97 2.04 0 0.93 0.97
GTEX-1211K-0003-SM-5DWTL 6|4:0,0,0,0.87,0,0.9,0,0,0,0,0.01,0.04,0.03,0.02,0.01,0,0,0,0,0,0,0,0.06,0,0 6|4 0,0,0,0.87,0,0.9,0,0,0,0,0.01,0.04,0.03,0.02,0.01,0,0,0,0,0,0,0,0.06,0,0 <AL-AL-2> <AL-BL-3> 3 1 4 3 0 1 0 0.9 0.87 2.98 0.98 3.94 2.98 0 0.96 0.02
GTEX-1399R-0003-SM-5HJRL_1 6|13:0,0,0,0.07,0,0.87,0,0,0,0,0,0.01,0.9,0,0,0,0,0,0,0,0,0,0.08,0,0 6|13 0,0,0,0.07,0,0.87,0,0,0,0,0,0.01,0.9,0,0,0,0,0,0,0,0,0,0.08,0,0 <AL-AL-2> <AL-AL-BL> 4 1 5 4 0 1 0 0.87 0.9 3.86 0.98 4.84 3.86 0 0.98 0
GTEX-139TT-0004-SM-5HJQ1 8|10:0,0.01,0.02,0,0,0,0,0.96,0,0.71,0.01,0,0,0,0.03,0,0,0.1,0.03,0.06,0,0,0,0.03,0 8|10 0,0.01,0.02,0,0,0,0,0.96,0,0.71,0.01,0,0,0,0.03,0,0,0.1,0.03,0.06,0,0,0,0.03,0 <AL-BS-4> <AL-BL-2> 2 2 3 2 0 1 1 0.96 0.71 2.01 1.92 2.91 2.01 0 0.9 1.02
GTEX-11LCK-0002-SM-5DWRA 4|11:0,0,0,0.95,0,0,0,0,0,0,0.96,0.01,0,0,0,0,0,0,0,0,0,0,0,0,0 4|11 0,0,0,0.95,0,0,0,0,0,0,0.96,0.01,0,0,0,0,0,0,0,0,0,0,0,0,0 <AL-BL-3> <AL-BL-other> 2 2 4 2 0 2 0 0.95 0.96 1.92 1.92 3.84 1.92 0 1.92 0
GTEX-ZVT4-0004-SM-4YUVU 17|2:0,0.84,0.02,0,0,0,0,0,0,0.03,0.08,0,0,0.01,0,0,0.95,0,0,0,0,0,0,0,0 17|2 0,0.84,0.02,0,0,0,0,0,0,0.03,0.08,0,0,0.01,0,0,0.95,0,0,0,0,0,0,0,0 <AL-BS-2> <AL-BS-1> 2 2 2 2 0 0 2 0.95 0.84 1.91 1.93 2.02 1.91 0 0.11 1.82
GTEX-12WSI-0004-SM-5DWRW 1|13:0.93,0,0,0.17,0,0.01,0,0,0,0,0.03,0.01,0.77,0.01,0,0,0,0,0,0,0,0,0,0,0 1|13 0.93,0,0,0.17,0,0.01,0,0,0,0,0.03,0.01,0.77,0.01,0,0,0,0,0,0,0,0,0,0,0 <AL-AL-1> <AL-AL-BL> 4 1 5 4 0 1 0 0.93 0.77 3.64 0.99 4.62 3.64 0 0.98 0.01
GTEX-XGQ4-0001-SM-4YUVK_1 4|4:0,0,0,1.68,0,0.06,0,0,0,0,0.01,0.12,0.03,0.02,0.01,0,0,0,0,0,0,0,0,0,0 4|4 0,0,0,1.68,0,0.06,0,0,0,0,0.01,0.12,0.03,0.02,0.01,0,0,0,0,0,0,0,0,0,0 <AL-BL-3> <AL-BL-3> 2 2 4 2 0 2 0 0.84 0.84 2.01 1.87 3.86 2.01 0 1.85 0.02
GTEX-Y5V5-0002-SM-4YUV2 3|3:0,0.01,1.88,0,0,0,0,0,0,0.03,0,0,0,0,0,0,0,0,0,0,0,0,0,0,0 3|3 0,0.01,1.88,0,0,0,0,0,0,0.03,0,0,0,0,0,0,0,0,0,0,0,0,0,0,0 <BS> <BS> 0 2 0 0 0 0 2 0.94 0.94 0.04 1.92 0.07 0.04 0 0.03 1.89
GTEX-11NUK-0004-SM-5DWSZ 19|2:0.06,0.96,0,0.05,0,0,0,0,0,0.01,0.22,0.03,0,0.11,0,0,0,0,0.51,0,0,0,0,0,0 19|2 0.06,0.96,0,0.05,0,0,0,0,0,0.01,0.22,0.03,0,0.11,0,0,0,0,0.51,0,0,0,0,0,0 <AL> <AL-BS-1> 2 1 2 2 0 0 1 0.51 0.96 2.01 1.38 2.32 2.01 0 0.31 1.07
GTEX-U3ZG-0002-SM-4YUWL_1 3|12:0,0,0.95,0.1,0,0.01,0,0,0,0.01,0.01,0.85,0,0,0,0,0,0,0,0,0,0,0,0,0 3|12 0,0,0.95,0.1,0,0.01,0,0,0,0.01,0.01,0.85,0,0,0,0,0,0,0,0,0,0,0,0,0 <BS> <AL-BL-1> 1 2 2 1 0 1 1 0.95 0.85 0.99 1.92 1.96 0.99 0 0.97 0.95
GTEX-13O1R-0002-SM-5HJP9 10|16:0,0.01,0.02,0,0,0,0,0,0,0.78,0.02,0,0,0,0.01,0.96,0,0.07,0.02,0.06,0,0,0,0.01,0 10|16 0,0.01,0.02,0,0,0,0,0,0,0.78,0.02,0,0,0,0.01,0.96,0,0.07,0.02,0.06,0,0,0,0.01,0 <AL-BL-2> <AL-AS-BS-BS> 3 3 3 2 1 1 2 0.78 0.96 2.96 2.9 2.94 2 0.96 0.94 1.96
GTEX-12WSG-0001-SM-5DWRF 4|4:0,0,0,1.52,0,0.07,0,0,0,0,0.03,0.27,0.02,0.01,0.01,0,0,0,0,0.01,0,0,0,0,0 4|4 0,0,0,1.52,0,0.07,0,0,0,0,0.03,0.27,0.02,0.01,0.01,0,0,0,0,0.01,0,0,0,0,0 <AL-BL-3> <AL-BL-3> 2 2 4 2 0 2 0 0.76 0.76 2.02 1.88 3.89 2.02 0 1.87 0.01
GTEX-13X6H-0001-SM-5HJR3 4|10:0,0.04,0.07,0.7,0,0.04,0,0,0,0.63,0.08,0.11,0.05,0.02,0.03,0,0,0.09,0.03,0.03,0,0.01,0,0.01,0 4|10 0,0.04,0.07,0.7,0,0.04,0,0,0,0.63,0.08,0.11,0.05,0.02,0.03,0,0,0.09,0.03,0.03,0,0.01,0,0.01,0 <AL-BL-3> <AL-BL-2> 2 2 4 2 0 2 0 0.7 0.63 2.03 1.82 3.7 2.03 0 1.67 0.15
GTEX-12ZZY-0004-SM-5DWRV 4|1:0.94,0,0,0.7,0,0.03,0,0,0,0,0.03,0.09,0.04,0.08,0.02,0,0,0,0,0,0,0,0,0,0 4|1 0.94,0,0,0.7,0,0.03,0,0,0,0,0.03,0.09,0.04,0.08,0.02,0,0,0,0,0,0,0,0,0,0 <AL-BL-3> <AL-AL-1> 3 1 4 3 0 1 0 0.7 0.94 2.92 0.96 3.8 2.92 0 0.88 0.08
GTEX-ZF29-0004-SM-4YUX5 4|3:0,0,0.95,0.68,0,0.01,0,0,0,0.01,0,0.01,0,0,0,0,0,0,0,0.27,0,0,0,0,0 4|3 0,0,0.95,0.68,0,0.01,0,0,0,0.01,0,0.01,0,0,0,0,0,0,0,0.27,0,0,0,0,0 <AL-BL-3> <BS> 1 2 2 1 0 1 1 0.68 0.95 0.99 2.19 2.23 0.99 0 1.24 0.95
GTEX-ZF3C-0002-SM-4YUXH 3|8:0,0,0.95,0,0,0,0,0.75,0,0.02,0.14,0,0,0,0,0,0,0,0.04,0,0.03,0,0,0,0 3|8 0,0,0.95,0,0,0,0,0.75,0,0.02,0.14,0,0,0,0,0,0,0,0.04,0,0.03,0,0,0,0 <BS> <AL-BS-4> 1 2 1 1 0 0 2 0.95 0.75 0.98 1.92 1.14 0.98 0 0.16 1.76
GTEX-11ZTS-0001-SM-5DWTD 17|10:0,0.01,0.01,0,0,0,0,0,0,0.89,0.01,0,0,0.01,0,0,0.95,0.03,0.02,0.02,0,0,0,0,0 17|10 0,0.01,0.01,0,0,0,0,0,0,0.89,0.01,0,0,0.01,0,0,0.95,0.03,0.02,0.02,0,0,0,0,0 <AL-BS-2> <AL-BL-2> 2 2 3 2 0 1 1 0.95 0.89 1.97 1.92 2.91 1.97 0 0.94 0.98
GTEX-11UD2-0001-SM-5DWT3 12|7:0,0,0,0.05,0,0.01,0.96,0,0,0,0,0.91,0,0,0,0,0,0,0,0,0,0,0,0,0 12|7 0,0,0,0.05,0,0.01,0.96,0,0,0,0,0.91,0,0,0,0,0,0,0,0,0,0,0,0,0 <AL-BL-1> <AL-BS-3> 2 2 3 2 0 1 1 0.91 0.96 1.94 1.92 2.9 1.94 0 0.96 0.96
GTEX-13111-0003-SM-5DWRJ 11|9:0,0,0,0,0,0,0,0,0.96,0,0.96,0,0,0,0,0,0,0,0,0,0,0,0,0,0 11|9 0,0,0,0,0,0,0,0,0.96,0,0.96,0,0,0,0,0,0,0,0,0,0,0,0,0,0 <AL-BL-other> <AL-BS-5> 2 2 3 2 0 1 1 0.96 0.96 1.92 1.92 2.88 1.92 0 0.96 0.96
GTEX-ZPIC-0004-SM-4YUVS 19|3:0.02,0,0.95,0.03,0,0,0,0,0,0.02,0.33,0.02,0.01,0.09,0,0,0,0,0.48,0,0,0,0,0,0 19|3 0.02,0,0.95,0.03,0,0,0,0,0,0.02,0.33,0.02,0.01,0.09,0,0,0,0,0.48,0,0,0,0,0,0 <AL> <BS> 1 1 1 1 0 0 1 0.48 0.95 1.03 1.45 1.44 1.03 0 0.41 1.04
GTEX-13OW5-0003-SM-5HJQ7 4|4:0,0,0,1.6,0,0.08,0,0,0,0,0.01,0.05,0.08,0.06,0.06,0,0,0,0,0,0,0,0,0,0 4|4 0,0,0,1.6,0,0.08,0,0,0,0,0.01,0.05,0.08,0.06,0.06,0,0,0,0,0,0,0,0,0,0 <AL-BL-3> <AL-BL-3> 2 2 4 2 0 2 0 0.8 0.8 2.04 1.86 3.84 2.04 0 1.8 0.06
GTEX-ZE7O-0002-SM-4YUXG 11|9:0,0,0.01,0,0,0,0,0,0.95,0,0.96,0,0,0,0,0,0,0,0,0,0,0,0,0,0 11|9 0,0,0.01,0,0,0,0,0,0.95,0,0.96,0,0,0,0,0,0,0,0,0,0,0,0,0,0 <AL-BL-other> <AL-BS-5> 2 2 3 2 0 1 1 0.96 0.95 1.91 1.92 2.87 1.91 0 0.96 0.96
GTEX-13NYC-0004-SM-5HJQD 8|4:0,0,0,0.7,0,0.03,0,0.96,0,0,0.02,0.14,0.02,0.01,0.07,0,0,0,0,0,0,0,0,0,0 8|4 0,0,0,0.7,0,0.03,0,0.96,0,0,0.02,0.14,0.02,0.01,0.07,0,0,0,0,0,0,0,0,0,0 <AL-BS-4> <AL-BL-3> 2 2 3 2 0 1 1 0.96 0.7 1.93 1.92 2.88 1.93 0 0.95 0.97
GTEX-ZAB5-0004-SM-4YUWZ 5|8:0,0,0,0,0.95,0,0,0.96,0,0,0.01,0,0,0,0,0,0,0,0,0,0,0,0,0,0 5|8 0,0,0,0,0.95,0,0,0.96,0,0,0.01,0,0,0,0,0,0,0,0,0,0,0,0,0,0 <AL-AS-BL> <AL-BS-4> 3 2 3 2 1 1 1 0.95 0.96 2.87 1.92 2.88 1.92 0.95 0.96 0.96
GTEX-11GSO-0003-SM-5DWSW 4|8:0,0,0,0.91,0,0.01,0,0.96,0,0,0,0.04,0,0,0,0,0,0,0,0.01,0,0,0,0,0 4|8 0,0,0,0.91,0,0.01,0,0.96,0,0,0,0.04,0,0,0,0,0,0,0,0.01,0,0,0,0,0 <AL-BL-3> <AL-BS-4> 2 2 3 2 0 1 1 0.91 0.96 1.94 1.93 2.91 1.94 0 0.97 0.96
GTEX-13N1W-0002-SM-5HJR2 4|2:0,0.6,0,0.57,0,0.08,0,0,0,0.01,0.35,0.04,0.05,0.21,0.02,0,0,0,0,0,0,0.01,0,0,0 4|2 0,0.6,0,0.57,0,0.08,0,0,0,0.01,0.35,0.04,0.05,0.21,0.02,0,0,0,0,0,0,0.01,0,0,0 <AL-BL-3> <AL-BS-1> 2 2 3 2 0 1 1 0.57 0.6 2.06 1.86 3.1 2.06 0 1.04 0.82
GTEX-ZAB4-0001-SM-4YUVZ 3|4:0,0,0.95,0.8,0,0.04,0,0,0,0.01,0.01,0.03,0.05,0.04,0.01,0,0,0,0,0,0,0,0,0,0 3|4 0,0,0.95,0.8,0,0.04,0,0,0,0.01,0.01,0.03,0.05,0.04,0.01,0,0,0,0,0,0,0,0,0,0 <BS> <AL-BL-3> 1 2 2 1 0 1 1 0.95 0.8 1.07 1.9 1.98 1.07 0 0.91 0.99
GTEX-ZVE1-0001-SM-4YUX8 3|3:0,0,1.89,0,0,0,0,0,0,0.03,0,0,0,0,0,0,0,0,0,0,0,0,0,0,0 3|3 0,0,1.89,0,0,0,0,0,0,0.03,0,0,0,0,0,0,0,0,0,0,0,0,0,0,0 <BS> <BS> 0 2 0 0 0 0 2 0.945 0.945 0.03 1.92 0.06 0.03 0 0.03 1.89
GTEX-11GSP-0004-SM-5DWSV 4|3:0,0,0.95,0.7,0,0.03,0,0,0,0.01,0,0.02,0.03,0.01,0.18,0,0,0,0,0,0,0,0,0,0 4|3 0,0,0.95,0.7,0,0.03,0,0,0,0.01,0,0.02,0.03,0.01,0.18,0,0,0,0,0,0,0,0,0,0 <AL-BL-3> <BS> 1 2 2 1 0 1 1 0.7 0.95 0.86 1.9 1.8 0.86 0 0.94 0.96
GTEX-ZF2S-0002-SM-4YUWS 11|9:0.17,0.02,0.03,0.06,0.02,0.02,0.01,0.02,0.97,0.04,0.53,0.02,0,0,0,0,0.02,0.01,0.02,0,0,0.02,0,0,0 11|9 0.17,0.02,0.03,0.06,0.02,0.02,0.01,0.02,0.97,0.04,0.53,0.02,0,0,0,0,0.02,0.01,0.02,0,0,0.02,0,0,0 <AL-BL-other> <AL-BS-5> 2 2 3 2 0 1 1 0.53 0.97 2.19 1.76 2.84 2.17 0.02 0.67 1.09
GTEX-111CU-0003-SM-5DWTR 3|4:0,0,0.95,0.75,0,0.01,0,0,0,0.01,0,0.02,0,0,0.19,0,0,0,0,0,0,0,0,0,0 3|4 0,0,0.95,0.75,0,0.01,0,0,0,0.01,0,0.02,0,0,0.19,0,0,0,0,0,0,0,0,0,0 <BS> <AL-BL-3> 1 2 2 1 0 1 1 0.95 0.75 0.8 1.92 1.77 0.8 0 0.97 0.95
GTEX-11ZU8-0001-SM-5DWTC 4|8:0,0,0,0.83,0,0.01,0,0.96,0,0,0,0.03,0,0.1,0,0,0,0,0,0,0,0,0,0,0 4|8 0,0,0,0.83,0,0.01,0,0.96,0,0,0,0.03,0,0.1,0,0,0,0,0,0,0,0,0,0,0 <AL-BL-3> <AL-BS-4> 2 2 3 2 0 1 1 0.83 0.96 1.94 1.92 2.8 1.94 0 0.86 1.06
GTEX-11DXX-0004-SM-5DWSD 4|10:0,0.01,0.02,0.74,0,0.06,0,0,0,0.7,0.02,0.03,0.08,0.05,0.03,0,0,0.17,0.03,0.02,0,0,0,0.01,0 4|10 0,0.01,0.02,0.74,0,0.06,0,0,0,0.7,0.02,0.03,0.08,0.05,0.03,0,0,0.17,0.03,0.02,0,0,0,0.01,0 <AL-BL-3> <AL-BL-2> 2 2 4 2 0 2 0 0.74 0.7 2.23 1.74 3.88 2.23 0 1.65 0.09
GTEX-12WSH-0001-SM-5DWRM 4|8:0,0,0,0.94,0,0,0,0.96,0,0,0,0.02,0,0,0,0,0,0,0,0,0,0,0,0,0 4|8 0,0,0,0.94,0,0,0,0.96,0,0,0,0.02,0,0,0,0,0,0,0,0,0,0,0,0,0 <AL-BL-3> <AL-BS-4> 2 2 3 2 0 1 1 0.94 0.96 1.92 1.92 2.88 1.92 0 0.96 0.96
GTEX-13W3W-0004-SM-5HJPI 17|3:0,0,0.95,0,0,0,0,0,0,0.01,0,0,0,0.01,0,0,0.95,0,0,0,0,0,0,0,0 17|3 0,0,0.95,0,0,0,0,0,0,0.01,0,0,0,0.01,0,0,0.95,0,0,0,0,0,0,0,0 <AL-BS-2> <BS> 1 2 1 1 0 0 2 0.95 0.95 0.97 1.92 0.98 0.97 0 0.01 1.91
GTEX-XQ3S-0002-SM-4YUWE 14|10:0,0,0.01,0,0,0,0,0,0,0.92,0,0,0,0.96,0,0,0,0.02,0.01,0.02,0,0,0,0,0 14|10 0,0,0.01,0,0,0,0,0,0,0.92,0,0,0,0.96,0,0,0,0.02,0.01,0.02,0,0,0,0,0 <AL-BS-other> <AL-BL-2> 2 2 3 2 0 1 1 0.96 0.92 1.95 1.93 2.91 1.95 0 0.96 0.97
GTEX-ZDTT-0002-SM-4YUVO 14|17:0,0,0,0,0,0,0,0,0,0,0,0,0,0.96,0,0,0.95,0,0,0,0,0,0,0,0 14|17 0,0,0,0,0,0,0,0,0,0,0,0,0,0.96,0,0,0.95,0,0,0,0,0,0,0,0 <AL-BS-other> <AL-BS-2> 2 2 2 2 0 0 2 0.96 0.95 1.91 1.91 1.91 1.91 0 0 1.91
GTEX-13QJC-0003-SM-5HJQ8 7|4:0.04,0.04,0.07,0.33,0,0.05,0.99,0.12,0.06,0.1,0.03,0.06,0.01,0.01,0,0,0.03,0.02,0,0,0,0,0,0,0 7|4 0.04,0.04,0.07,0.33,0,0.05,0.99,0.12,0.06,0.1,0.03,0.06,0.01,0.01,0,0,0.03,0.02,0,0,0,0,0,0,0 <AL-BS-3> <AL-BL-3> 2 2 3 2 0 1 1 0.99 0.33 2.01 1.85 2.54 2.01 0 0.53 1.32
GTEX-ZG7Y-0001-SM-4YUVR 4|6:0,0,0,0.77,0,0.94,0,0,0,0,0.01,0.05,0.1,0.02,0.02,0,0,0,0,0,0,0,0.03,0,0 4|6 0,0,0,0.77,0,0.94,0,0,0,0,0.01,0.05,0.1,0.02,0.02,0,0,0,0,0,0,0,0.03,0,0 <AL-BL-3> <AL-AL-2> 3 1 4 3 0 1 0 0.77 0.94 3.02 0.97 3.97 3.02 0 0.95 0.02
GTEX-12584-0004-SM-5DWTJ 9|6:0,0,0.02,0.01,0,0.93,0,0,0.94,0,0,0,0,0,0,0,0,0,0,0,0,0,0.02,0,0 9|6 0,0,0.02,0.01,0,0.93,0,0,0.94,0,0,0,0,0,0,0,0,0,0,0,0,0,0.02,0,0 <AL-BS-5> <AL-AL-2> 3 1 3 3 0 0 1 0.94 0.93 2.87 0.97 2.88 2.87 0 0.01 0.96
GTEX-13RTJ-0003-SM-5HJQ6 4|9:0,0,0,0.84,0,0.01,0,0,0.96,0,0,0.03,0,0.1,0,0,0,0,0,0,0,0,0,0,0 4|9 0,0,0,0.84,0,0.01,0,0,0.96,0,0,0.03,0,0.1,0,0,0,0,0,0,0,0,0,0,0 <AL-BL-3> <AL-BS-5> 2 2 3 2 0 1 1 0.84 0.96 1.95 1.93 2.82 1.95 0 0.87 1.06
GTEX-13112-0004-SM-5DWRX 9|4:0,0,0,0.76,0,0.03,0,0,0.96,0,0.01,0.12,0.02,0.01,0.03,0,0,0,0,0,0,0,0,0,0 9|4 0,0,0,0.76,0,0.03,0,0,0.96,0,0.01,0.12,0.02,0.01,0.03,0,0,0,0,0,0,0,0,0,0 <AL-BS-5> <AL-BL-3> 2 2 3 2 0 1 1 0.96 0.76 1.96 1.91 2.9 1.96 0 0.94 0.97
GTEX-ZZ64-0004-SM-5DWSA 1|4:0.95,0,0,0.93,0,0,0,0,0,0,0,0.02,0,0.02,0,0,0,0,0,0,0,0.01,0,0,0 1|4 0.95,0,0,0.93,0,0,0,0,0,0,0,0.02,0,0.02,0,0,0,0,0,0,0,0.01,0,0,0 <AL-AL-1> <AL-BL-3> 3 1 4 3 0 1 0 0.95 0.93 2.89 0.98 3.84 2.89 0 0.95 0.03
GTEX-ZVZP-0003-SM-4YUWJ 3|3:0,0.01,1.88,0,0,0,0,0,0,0.03,0,0,0,0,0,0,0,0,0,0,0,0,0,0,0 3|3 0,0.01,1.88,0,0,0,0,0,0,0.03,0,0,0,0,0,0,0,0,0,0,0,0,0,0,0 <BS> <BS> 0 2 0 0 0 0 2 0.94 0.94 0.04 1.92 0.07 0.04 0 0.03 1.89
GTEX-13CF2-0004-SM-5HJPZ 10|10:0,0.02,0.03,0,0,0,0,0,0,1.73,0.01,0,0,0,0.01,0,0,0.07,0.02,0.04,0,0,0,0.01,0 10|10 0,0.02,0.03,0,0,0,0,0,0,1.73,0.01,0,0,0,0.01,0,0,0.07,0.02,0.04,0,0,0,0.01,0 <AL-BL-2> <AL-BL-2> 2 2 4 2 0 2 0 0.865 0.865 1.97 1.9 3.81 1.97 0 1.84 0.06
GTEX-1128S-0001-SM-5DWTV 6|12:0,0,0,0.06,0,0.86,0,0,0,0,0,0.92,0,0,0,0,0,0,0,0,0,0,0.09,0,0 6|12 0,0,0,0.06,0,0.86,0,0,0,0,0,0.92,0,0,0,0,0,0,0,0,0,0,0.09,0,0 <AL-AL-2> <AL-BL-1> 3 1 4 3 0 1 0 0.86 0.92 2.97 0.98 3.95 2.97 0 0.98 0
GTEX-11GS4-0004-SM-5DWSQ 4|10:0.04,0.04,0.07,0.91,0,0.08,0.05,0.07,0.06,0.24,0.05,0.1,0.13,0.02,0.01,0,0.04,0.04,0.01,0.01,0,0,0,0,0 4|10 0.04,0.04,0.07,0.91,0,0.08,0.05,0.07,0.06,0.24,0.05,0.1,0.13,0.02,0.01,0,0.04,0.04,0.01,0.01,0,0,0,0,0 <AL-BL-3> <AL-BL-2> 2 2 4 2 0 2 0 0.91 0.24 2.18 1.81 3.64 2.18 0 1.46 0.35
GTEX-1122O-0004-SM-5DWSJ 3|3:0,0.02,1.85,0,0,0,0,0,0,0.05,0,0,0,0,0,0,0,0.01,0,0,0,0,0,0,0 3|3 0,0.02,1.85,0,0,0,0,0,0,0.05,0,0,0,0,0,0,0,0.01,0,0,0,0,0,0,0 <BS> <BS> 0 2 0 0 0 0 2 0.925 0.925 0.09 1.92 0.14 0.09 0 0.05 1.87
GTEX-ZT9W-0002-SM-4YUVT 11|14:0.04,0.04,0.07,0.15,0,0.05,0.04,0.07,0.06,0.11,0.98,0.06,0.01,0.21,0,0,0.04,0.02,0,0,0,0,0,0,0 11|14 0.04,0.04,0.07,0.15,0,0.05,0.04,0.07,0.06,0.11,0.98,0.06,0.01,0.21,0,0,0.04,0.02,0,0,0,0,0,0,0 <AL-BL-other> <AL-BS-other> 2 2 3 2 0 1 1 0.98 0.21 2 1.84 3.31 2 0 1.31 0.53
GTEX-11P81-0002-SM-5DWT1 10|1:0.95,0,0.01,0,0,0,0,0,0,0.9,0,0,0,0,0,0,0,0.03,0.01,0.03,0,0.01,0,0,0 10|1 0.95,0,0.01,0,0,0,0,0,0,0.9,0,0,0,0,0,0,0,0.03,0.01,0.03,0,0.01,0,0,0 <AL-BL-2> <AL-AL-1> 3 1 4 3 0 1 0 0.9 0.95 2.92 0.98 3.88 2.92 0 0.96 0.02
GTEX-139YR-0004-SM-5HJRB 4|12:0,0,0,0.68,0,0.06,0,0,0,0,0.03,1.1,0.03,0.01,0.02,0,0,0,0,0.01,0,0,0,0,0 4|12 0,0,0,0.68,0,0.06,0,0,0,0,0.03,1.1,0.03,0.01,0.02,0,0,0,0,0.01,0,0,0,0,0 <AL-BL-3> <AL-BL-1> 2 2 4 2 0 2 0 0.68 1.1 2.01 1.89 3.89 2.01 0 1.88 0.01
GTEX-139T6-0004-SM-5HJQN 1|8:0.92,0,0,0,0,0,0,0.96,0,0,0.04,0,0,0,0,0,0,0,0,0,0,0,0,0,0 1|8 0.92,0,0,0,0,0,0,0.96,0,0,0.04,0,0,0,0,0,0,0,0,0,0,0,0,0,0 <AL-AL-1> <AL-BS-4> 3 1 3 3 0 0 1 0.92 0.96 2.84 1 2.88 2.84 0 0.04 0.96
GTEX-13OW7-0001-SM-5HJRV 3|11:0,0.05,0.72,0,0,0,0,0,0,0.27,0.81,0,0,0,0.01,0,0,0.04,0.01,0.01,0,0.01,0,0.01,0 3|11 0,0.05,0.72,0,0,0,0,0,0,0.27,0.81,0,0,0,0.01,0,0,0.04,0.01,0.01,0,0.01,0,0.01,0 <BS> <AL-BL-other> 1 2 2 1 0 1 1 0.72 0.81 1.26 1.91 2.38 1.26 0 1.12 0.79
GTEX-13NZ8-0004-SM-5HJPC 8|11:0,0,0,0.38,0,0.03,0,0.96,0,0,0.44,0.05,0.03,0.02,0.02,0,0,0,0,0,0,0,0,0,0 8|11 0,0,0,0.38,0,0.03,0,0.96,0,0,0.44,0.05,0.03,0.02,0.02,0,0,0,0,0,0,0,0,0,0 <AL-BS-4> <AL-BL-other> 2 2 3 2 0 1 1 0.96 0.44 1.97 1.9 2.89 1.97 0 0.92 0.98
GTEX-13OVG-0003-SM-5HJR9 3|17:0,0,0.95,0,0,0,0,0,0,0.01,0,0,0,0.01,0,0,0.95,0,0,0,0,0,0,0,0 3|17 0,0,0.95,0,0,0,0,0,0,0.01,0,0,0,0.01,0,0,0.95,0,0,0,0,0,0,0,0 <BS> <AL-BS-2> 1 2 1 1 0 0 2 0.95 0.95 0.97 1.92 0.98 0.97 0 0.01 1.91
GTEX-11EM3-0004-SM-5DWTY 10|10:0,0.02,0.02,0,0,0,0,0,0,1.57,0.01,0,0,0,0.01,0,0,0.17,0.06,0.05,0,0,0,0.02,0 10|10 0,0.02,0.02,0,0,0,0,0,0,1.57,0.01,0,0,0,0.01,0,0,0.17,0.06,0.05,0,0,0,0.02,0 <AL-BL-2> <AL-BL-2> 2 2 4 2 0 2 0 0.785 0.785 2.07 1.77 3.78 2.07 0 1.71 0.06
GTEX-XUZC-0002-SM-4YUX1 11|12:0,0,0,0.05,0,0.01,0,0,0,0,0.96,0.9,0,0,0,0,0,0,0,0,0,0,0,0,0 11|12 0,0,0,0.05,0,0.01,0,0,0,0,0.96,0.9,0,0,0,0,0,0,0,0,0,0,0,0,0 <AL-BL-other> <AL-BL-1> 2 2 4 2 0 2 0 0.96 0.9 1.93 1.91 3.84 1.93 0 1.91 0
GTEX-13PL6-0002-SM-5HJPV 3|10:0,0.01,0.96,0,0,0,0,0,0,0.86,0,0,0,0,0.02,0,0,0.05,0.02,0.02,0,0,0,0.02,0 3|10 0,0.01,0.96,0,0,0,0,0,0,0.86,0,0,0,0,0.02,0,0,0.05,0.02,0.02,0,0,0,0.02,0 <BS> <AL-BL-2> 1 2 2 1 0 1 1 0.96 0.86 1.03 1.93 1.97 1.03 0 0.94 0.99
GTEX-XQ8I-0001-SM-4YUVE 4|10:0,0.01,0.02,0.7,0,0.03,0,0,0,0.68,0.01,0.02,0.03,0.01,0.19,0,0,0.15,0.07,0.02,0,0,0,0.02,0 4|10 0,0.01,0.02,0.7,0,0.03,0,0,0,0.68,0.01,0.02,0.03,0.01,0.19,0,0,0.15,0.07,0.02,0,0,0,0.02,0 <AL-BL-3> <AL-BL-2> 2 2 4 2 0 2 0 0.7 0.68 1.96 1.75 3.65 1.96 0 1.69 0.06
GTEX-13O3O-0003-SM-5HJQ9_1 8|10:0,0.01,0.02,0,0,0,0,0.96,0,0.69,0.01,0,0,0,0.02,0,0,0.08,0.02,0.11,0,0,0,0.02,0 8|10 0,0.01,0.02,0,0,0,0,0.96,0,0.69,0.01,0,0,0,0.02,0,0,0.08,0.02,0.11,0,0,0,0.02,0 <AL-BS-4> <AL-BL-2> 2 2 3 2 0 1 1 0.96 0.69 1.98 1.97 2.94 1.98 0 0.96 1.01
GTEX-ZDXO-0001-SM-4YUWF 11|6:0,0,0,0.03,0,0.87,0,0,0,0,0.96,0.01,0,0,0,0,0,0,0,0,0,0,0.06,0,0 11|6 0,0,0,0.03,0,0.87,0,0,0,0,0.96,0.01,0,0,0,0,0,0,0,0,0,0,0.06,0,0 <AL-BL-other> <AL-AL-2> 3 1 4 3 0 1 0 0.96 0.87 2.92 1 3.92 2.92 0 1 0
GTEX-13FTW-0003-SM-5HJRT 4|3:0,0.01,0.94,0.76,0,0.03,0,0,0,0.02,0.02,0.15,0.01,0,0,0,0,0,0,0.01,0,0,0,0,0 4|3 0,0.01,0.94,0.76,0,0.03,0,0,0,0.02,0.02,0.15,0.01,0,0,0,0,0,0,0.01,0,0,0,0,0 <AL-BL-3> <BS> 1 2 2 1 0 1 1 0.76 0.94 1.05 1.93 2.03 1.05 0 0.98 0.95
GTEX-11DXY-0004-SM-5DWST 19|3:0.01,0,0.95,0.01,0,0,0,0,0,0.01,0.07,0,0,0.03,0,0,0,0,0.85,0,0,0,0,0,0 19|3 0.01,0,0.95,0.01,0,0,0,0,0,0.01,0.07,0,0,0.03,0,0,0,0,0.85,0,0,0,0,0,0 <AL> <BS> 1 1 1 1 0 0 1 0.85 0.95 0.99 1.07 1.08 0.99 0 0.09 0.98
GTEX-13U4I-0004-SM-5HJPX 12|12:0,0,0,0.14,0,0.01,0,0,0,0,0,1.76,0,0,0,0,0,0,0,0,0,0,0,0,0 12|12 0,0,0,0.14,0,0.01,0,0,0,0,0,1.76,0,0,0,0,0,0,0,0,0,0,0,0,0 <AL-BL-1> <AL-BL-1> 2 2 4 2 0 2 0 0.88 0.88 1.92 1.9 3.82 1.92 0 1.9 0
GTEX-ZDYS-0005-SM-4YUWR 12|4:0,0,0,0.86,0,0.05,0,0,0,0,0.01,0.91,0.06,0.05,0.01,0,0,0,0,0,0,0,0,0,0 12|4 0,0,0,0.86,0,0.05,0,0,0,0,0.01,0.91,0.06,0.05,0.01,0,0,0,0,0,0,0,0,0,0 <AL-BL-1> <AL-BL-3> 2 2 4 2 0 2 0 0.91 0.86 2.05 1.9 3.9 2.05 0 1.85 0.05
GTEX-ZXG5-0002-SM-5DWS3 4|4:0,0,0,1.33,0,0.11,0,0,0,0,0.06,0.24,0.1,0.05,0.05,0,0,0,0,0.01,0,0,0,0,0 4|4 0,0,0,1.33,0,0.11,0,0,0,0,0.06,0.24,0.1,0.05,0.05,0,0,0,0,0.01,0,0,0,0,0 <AL-BL-3> <AL-BL-3> 2 2 4 2 0 2 0 0.665 0.665 2.11 1.85 3.91 2.11 0 1.8 0.05
GTEX-13S7M-0003-SM-5HJRR 19|10:0.03,0.04,0.07,0.03,0,0,0,0,0,0.6,0.29,0.01,0,0.06,0.03,0,0,0.1,0.64,0.03,0,0.01,0,0.03,0 19|10 0.03,0.04,0.07,0.03,0,0,0,0,0,0.6,0.29,0.01,0,0.06,0.03,0,0,0.1,0.64,0.03,0,0.01,0,0.03,0 <AL> <AL-BL-2> 2 1 3 2 0 1 0 0.64 0.6 2.01 1.26 3.06 2.01 0 1.05 0.21
GTEX-13FLV-0004-SM-5HJRE 2|14:0,0.83,0.01,0,0,0,0,0,0,0.02,0.11,0,0,0.96,0,0,0,0,0,0,0,0.01,0,0,0 2|14 0,0.83,0.01,0,0,0,0,0,0,0.02,0.11,0,0,0.96,0,0,0,0,0,0,0,0.01,0,0,0 <AL-BS-1> <AL-BS-other> 2 2 2 2 0 0 2 0.83 0.96 1.94 1.94 2.07 1.94 0 0.13 1.81
GTEX-Y5LM-0002-SM-4YUV1 17|19:0.03,0,0,0.03,0,0,0,0,0,0.01,0.26,0.01,0,0.08,0,0,0.95,0,0.58,0,0,0,0,0,0 17|19 0.03,0,0,0.03,0,0,0,0,0,0.01,0.26,0.01,0,0.08,0,0,0.95,0,0.58,0,0,0,0,0,0 <AL-BS-2> <AL> 2 1 2 2 0 0 1 0.95 0.58 1.98 1.34 2.29 1.98 0 0.31 1.03
GTEX-NL3G-0010-SM-4YUVQ 1|4:0.93,0,0,0.69,0,0.07,0,0,0,0,0.03,0.04,0.08,0.07,0.02,0,0,0,0,0,0,0,0,0,0 1|4 0.93,0,0,0.69,0,0.07,0,0,0,0,0.03,0.04,0.08,0.07,0.02,0,0,0,0,0,0,0,0,0,0 <AL-AL-1> <AL-BL-3> 3 1 4 3 0 1 0 0.93 0.69 2.99 0.93 3.85 2.99 0 0.86 0.07
GTEX-1399U-0004-SM-5HJQ5 8|4:0,0,0,0.53,0,0.05,0,0.96,0,0,0.01,0.05,0.29,0.03,0.02,0,0,0,0,0,0,0,0,0,0 8|4 0,0,0,0.53,0,0.05,0,0.96,0,0,0.01,0.05,0.29,0.03,0.02,0,0,0,0,0,0,0,0,0,0 <AL-BS-4> <AL-BL-3> 2 2 3 2 0 1 1 0.96 0.53 2.26 1.89 3.16 2.26 0 0.9 0.99
GTEX-13CZV-0003-SM-5HJPB 12|3:0,0.01,0.94,0.05,0,0.01,0,0,0,0.02,0,0.91,0,0,0,0,0,0,0,0,0,0,0,0,0 12|3 0,0.01,0.94,0.05,0,0.01,0,0,0,0.02,0,0.91,0,0,0,0,0,0,0,0,0,0,0,0,0 <AL-BL-1> <BS> 1 2 2 1 0 1 1 0.91 0.94 1.01 1.93 1.99 1.01 0 0.98 0.95
GTEX-13FTX-0004-SM-5HJQL 3|10:0,0.01,0.96,0,0,0,0,0,0,0.75,0.01,0,0,0,0.01,0,0,0.07,0.03,0.1,0,0,0,0.01,0 3|10 0,0.01,0.96,0,0,0,0,0,0,0.75,0.01,0,0,0,0.01,0,0,0.07,0.03,0.1,0,0,0,0.01,0 <BS> <AL-BL-2> 1 2 2 1 0 1 1 0.96 0.75 1.05 1.96 2.03 1.05 0 0.98 0.98
GTEX-139TU-0002-SM-5HJR5 10|4:0,0.01,0.02,0.69,0,0.07,0,0,0,0.74,0.02,0.04,0.08,0.07,0.03,0,0,0.1,0.04,0.04,0,0,0,0.01,0 10|4 0,0.01,0.02,0.69,0,0.07,0,0,0,0.74,0.02,0.04,0.08,0.07,0.03,0,0,0.1,0.04,0.04,0,0,0,0.01,0 <AL-BL-2> <AL-BL-3> 2 2 4 2 0 2 0 0.74 0.69 2.16 1.8 3.85 2.16 0 1.69 0.11
GTEX-13CZU-0003-SM-5HJRM_1 19|14:0.02,0.2,0.02,0.06,0,0.02,0.01,0.02,0.02,0.04,0.02,0.02,0,0.51,0,0,0.02,0.01,0.96,0,0,0.02,0,0,0 19|14 0.02,0.2,0.02,0.06,0,0.02,0.01,0.02,0.02,0.04,0.02,0.02,0,0.51,0,0,0.02,0.01,0.96,0,0,0.02,0,0,0 <AL> <AL-BS-other> 2 1 2 2 0 0 1 0.96 0.51 2.02 0.96 2.16 2.02 0 0.14 0.82
GTEX-Z9EW-0002-SM-4YUV9 14|4:0,0,0,0.91,0,0.02,0,0,0,0,0,0.03,0.01,0.96,0,0,0,0,0,0,0,0,0,0,0 14|4 0,0,0,0.91,0,0.02,0,0,0,0,0,0.03,0.01,0.96,0,0,0,0,0,0,0,0,0,0,0 <AL-BS-other> <AL-BL-3> 2 2 3 2 0 1 1 0.96 0.91 1.96 1.91 2.91 1.96 0 0.95 0.96
GTEX-1399Q-0004-SM-5DWRI 10|1:0.93,0.01,0.02,0,0,0,0,0,0,0.7,0.03,0,0,0,0.01,0,0,0.14,0.06,0.02,0,0,0,0.03,0 10|1 0.93,0.01,0.02,0,0,0,0,0,0,0.7,0.03,0,0,0,0.01,0,0,0.14,0.06,0.02,0,0,0,0.03,0 <AL-BL-2> <AL-AL-1> 3 1 4 3 0 1 0 0.7 0.93 2.99 0.87 3.8 2.99 0 0.81 0.06
GTEX-111YS-0004-SM-5DWSS 8|6:0,0,0,0.11,0,0.82,0,0.96,0,0,0,0.02,0.02,0.01,0,0,0,0,0,0,0,0,0,0,0 8|6 0,0,0,0.11,0,0.82,0,0.96,0,0,0,0.02,0.02,0.01,0,0,0,0,0,0,0,0,0,0,0 <AL-BS-4> <AL-AL-2> 3 1 3 3 0 0 1 0.96 0.82 2.78 1.12 2.93 2.78 0 0.15 0.97
GTEX-13D11-0003-SM-5HJQR 8|4:0,0,0,0.86,0,0.04,0,0.96,0,0,0,0.05,0.01,0,0,0,0,0,0,0.01,0,0,0,0,0 8|4 0,0,0,0.86,0,0.04,0,0.96,0,0,0,0.05,0.01,0,0,0,0,0,0,0.01,0,0,0,0,0 <AL-BS-4> <AL-BL-3> 2 2 3 2 0 1 1 0.96 0.86 1.98 1.9 2.92 1.98 0 0.94 0.96
GTEX-13RTK-0003-SM-5HJRF 14|6:0,0,0,0.02,0,0.86,0,0,0,0,0,0.01,0,0.55,0,0,0,0,0,0,0.41,0,0.08,0,0 14|6 0,0,0,0.02,0,0.86,0,0,0,0,0,0.01,0,0.55,0,0,0,0,0,0,0.41,0,0.08,0,0 <AL-BS-other> <AL-AL-2> 3 1 3 3 0 0 1 0.55 0.86 2.95 1.4 2.98 2.95 0 0.03 1.37
GTEX-13OW8-0002-SM-5HJQX_1 10|4:0,0.01,0.02,0.77,0,0.03,0,0,0,0.73,0.02,0.12,0.02,0.01,0.02,0,0,0.12,0.05,0.02,0,0,0,0.02,0 10|4 0,0.01,0.02,0.77,0,0.03,0,0,0,0.73,0.02,0.12,0.02,0.01,0.02,0,0,0.12,0.05,0.02,0,0,0,0.02,0 <AL-BL-2> <AL-BL-3> 2 2 4 2 0 2 0 0.73 0.77 2.09 1.8 3.83 2.09 0 1.74 0.06
GTEX-13FTY-0004-SM-5HJQG 4|4:0,0,0,1.48,0,0.04,0,0,0,0,0,0.05,0.15,0.01,0.2,0,0,0,0,0,0,0,0,0,0 4|4 0,0,0,1.48,0,0.04,0,0,0,0,0,0.05,0.15,0.01,0.2,0,0,0,0,0,0,0,0,0,0 <AL-BL-3> <AL-BL-3> 2 2 4 2 0 2 0 0.74 0.74 1.92 1.89 3.8 1.92 0 1.88 0.01
GTEX-11P82-0003-SM-5DWRC 4|14:0,0,0,0.7,0,0.03,0,0,0,0,0.02,0.14,0.02,0.96,0.07,0,0,0,0,0,0,0,0,0,0 4|14 0,0,0,0.7,0,0.03,0,0,0,0,0.02,0.14,0.02,0.96,0.07,0,0,0,0,0,0,0,0,0,0 <AL-BL-3> <AL-BS-other> 2 2 3 2 0 1 1 0.7 0.96 1.92 1.91 2.87 1.92 0 0.95 0.96
GTEX-ZTSS-0003-SM-4YUW6 3|10:0,0.02,0.95,0,0,0,0,0,0,0.8,0.01,0,0,0,0.01,0,0,0.08,0.03,0.04,0,0,0,0.01,0 3|10 0,0.02,0.95,0,0,0,0,0,0,0.8,0.01,0,0,0,0.01,0,0,0.08,0.03,0.04,0,0,0,0.01,0 <BS> <AL-BL-2> 1 2 2 1 0 1 1 0.95 0.8 1.07 1.89 1.98 1.07 0 0.91 0.98
GTEX-13JVG-0003-SM-5HJQ2 4|5:0,0,0,0.9,0.95,0.02,0,0,0,0,0.01,0.03,0.01,0,0,0,0,0,0,0,0,0,0,0,0 4|5 0,0,0,0.9,0.95,0.02,0,0,0,0,0.01,0.03,0.01,0,0,0,0,0,0,0,0,0,0,0,0 <AL-BL-3> <AL-AS-BL> 3 2 4 2 1 2 0 0.9 0.95 2.9 1.9 3.85 1.95 0.95 1.9 0
GTEX-12ZZZ-0002-SM-5DWRU 1|11:0.93,0,0,0,0,0,0,0,0,0.16,0.75,0,0,0,0,0,0,0.02,0.05,0.01,0,0.01,0,0,0 1|11 0.93,0,0,0,0,0,0,0,0,0.16,0.75,0,0,0,0,0,0,0.02,0.05,0.01,0,0.01,0,0,0 <AL-AL-1> <AL-BL-other> 3 1 4 3 0 1 0 0.93 0.75 2.89 0.94 3.82 2.89 0 0.93 0.01
GTEX-YECK-0002-SM-4YUVN 14|4:0,0,0,0.89,0,0.01,0,0,0,0,0,0.06,0.01,0.96,0,0,0,0,0,0,0,0,0,0,0 14|4 0,0,0,0.89,0,0.01,0,0,0,0,0,0.06,0.01,0.96,0,0,0,0,0,0,0,0,0,0,0 <AL-BS-other> <AL-BL-3> 2 2 3 2 0 1 1 0.96 0.89 1.95 1.92 2.91 1.95 0 0.96 0.96
GTEX-ZDTS-0002-SM-4YUVC 10|12:0,0,0.01,0.05,0,0.01,0,0,0,0.88,0,0.91,0,0,0.05,0,0,0.02,0.01,0.01,0,0,0,0.01,0 10|12 0,0,0.01,0.05,0,0.01,0,0,0,0.88,0,0.91,0,0,0.05,0,0,0.02,0.01,0.01,0,0,0,0.01,0 <AL-BL-2> <AL-BL-1> 2 2 4 2 0 2 0 0.88 0.91 1.93 1.94 3.85 1.93 0 1.92 0.02
GTEX-XOT4-0001-SM-4YUX9 4|9:0,0,0.01,0.76,0,0.03,0,0,0.95,0,0.01,0.12,0.02,0.01,0.03,0,0,0,0,0,0,0,0,0,0 4|9 0,0,0.01,0.76,0,0.03,0,0,0.95,0,0.01,0.12,0.02,0.01,0.03,0,0,0,0,0,0,0,0,0,0 <AL-BL-3> <AL-BS-5> 2 2 3 2 0 1 1 0.76 0.95 1.95 1.91 2.89 1.95 0 0.94 0.97
GTEX-11ZUS-0003-SM-5DWTA 8|2:0,0.63,0.01,0,0,0,0,0.96,0,0.02,0.31,0,0,0,0,0,0,0,0,0,0,0.01,0,0,0 8|2 0,0.63,0.01,0,0,0,0,0.96,0,0.02,0.31,0,0,0,0,0,0,0,0,0,0,0.01,0,0,0 <AL-BS-4> <AL-BS-1> 2 2 2 2 0 0 2 0.96 0.63 1.94 1.94 2.27 1.94 0 0.33 1.61
GTEX-1339X-0004-SM-5HJQH 8|4:0,0,0,0.84,0,0.03,0,0.75,0,0.01,0.14,0.04,0.03,0.02,0.01,0,0,0,0.04,0,0.03,0,0,0,0 8|4 0,0,0,0.84,0,0.03,0,0.75,0,0.01,0.14,0.04,0.03,0.02,0.01,0,0,0,0.04,0,0.03,0,0,0,0 <AL-BS-4> <AL-BL-3> 2 2 3 2 0 1 1 0.75 0.84 1.99 1.9 3.06 1.99 0 1.07 0.83
GTEX-133LE-0001-SM-5DWRY 14|4:0,0,0,0.89,0,0,0,0,0,0,0,0,0,0.55,0,0,0,0,0,0.07,0.41,0,0,0,0 14|4 0,0,0,0.89,0,0,0,0,0,0,0,0,0,0.55,0,0,0,0,0,0.07,0.41,0,0,0,0 <AL-BS-other> <AL-BL-3> 2 2 3 2 0 1 1 0.55 0.89 1.92 2.4 2.95 1.92 0 1.03 1.37
GTEX-ZVT3-0001-SM-4YUV7 11|2:0.03,0.29,0.05,0.14,0,0.03,0.03,0.05,0.05,0.07,1.13,0.04,0.01,0.01,0,0,0.03,0.02,0,0,0,0,0,0,0 11|2 0.03,0.29,0.05,0.14,0,0.03,0.03,0.05,0.05,0.07,1.13,0.04,0.01,0.01,0,0,0.03,0.02,0,0,0,0,0,0,0 <AL-BL-other> <AL-BS-1> 2 2 3 2 0 1 1 1.13 0.29 2.02 1.9 3.41 2.02 0 1.39 0.51
GTEX-139UW-0003-SM-5HJRP 10|17:0,0.01,0.02,0,0,0,0,0,0,0.68,0.01,0,0,0.01,0.01,0,0.95,0.15,0.06,0.03,0,0,0,0.02,0 10|17 0,0.01,0.02,0,0,0,0,0,0,0.68,0.01,0,0,0.01,0.01,0,0.95,0.15,0.06,0.03,0,0,0,0.02,0 <AL-BL-2> <AL-BS-2> 2 2 3 2 0 1 1 0.68 0.95 2.07 1.79 2.85 2.07 0 0.78 1.01
GTEX-111VG-0004-SM-5DWSX 8|5:0,0,0,0,0.49,0,0,0.95,0,0,0.48,0,0,0,0,0,0,0,0,0,0,0,0,0,0 8|5 0,0,0,0,0.49,0,0,0.95,0,0,0.48,0,0,0,0,0,0,0,0,0,0,0,0,0,0 <AL-BS-4> <AL-AS-BL> 3 2 3 2 1 1 1 0.95 0.49 2.41 1.92 2.89 1.92 0.49 0.97 0.95
GTEX-13N2G-0001-SM-5HJQA 10|8:0,0.01,0.02,0,0,0,0,0.96,0,0.8,0.01,0,0,0,0.02,0,0,0.07,0.02,0.02,0,0,0,0.02,0 10|8 0,0.01,0.02,0,0,0,0,0.96,0,0.8,0.01,0,0,0,0.02,0,0,0.07,0.02,0.02,0,0,0,0.02,0 <AL-BL-2> <AL-BS-4> 2 2 3 2 0 1 1 0.8 0.96 1.98 1.9 2.87 1.98 0 0.89 1.01
GTEX-XBEW-0001-SM-4YUVV 11|8:0,0,0,0,0,0,0,0.84,0,0,1.07,0,0,0,0,0,0,0,0,0,0,0,0,0,0 11|8 0,0,0,0,0,0,0,0.84,0,0,1.07,0,0,0,0,0,0,0,0,0,0,0,0,0,0 <AL-BL-other> <AL-BS-4> 2 2 3 2 0 1 1 1.07 0.84 1.91 1.91 2.98 1.91 0 1.07 0.84
GTEX-ZZPU-0003-SM-5DWTO 8|19:0.01,0,0,0.01,0,0,0,0.75,0,0.01,0.21,0,0,0.04,0,0,0,0,0.86,0,0.03,0,0,0,0 8|19 0.01,0,0,0.01,0,0,0,0.75,0,0.01,0.21,0,0,0.04,0,0,0,0,0.86,0,0.03,0,0,0,0 <AL-BS-4> <AL> 2 1 2 2 0 0 1 0.75 0.86 1.93 1.08 2.16 1.93 0 0.23 0.85
GTEX-13NZB-0004-SM-5HJRG 10|1:0.95,0.01,0.02,0,0,0,0,0,0,0.66,0.01,0,0,0,0.01,0,0,0.16,0.07,0.03,0,0.01,0,0.02,0 10|1 0.95,0.01,0.02,0,0,0,0,0,0,0.66,0.01,0,0,0,0.01,0,0,0.16,0.07,0.03,0,0.01,0,0.02,0 <AL-BL-2> <AL-AL-1> 3 1 4 3 0 1 0 0.66 0.95 3.04 0.82 3.8 3.04 0 0.76 0.06
GTEX-ZT9X-0002-SM-4YUX6 4|3:0.05,0.05,1.05,0.19,0,0.05,0.05,0.08,0.07,0.14,0.04,0.07,0.01,0.04,0,0,0.05,0.02,0.01,0,0,0,0,0,0 4|3 0.05,0.05,1.05,0.19,0,0.05,0.05,0.08,0.07,0.14,0.04,0.07,0.01,0.04,0,0,0.05,0.02,0.01,0,0,0,0,0,0 <AL-BL-3> <BS> 1 2 2 1 0 1 1 0.19 1.05 1.05 1.84 1.5 1.05 0 0.45 1.39
GTEX-13NZA-0003-SM-5HJQ4 10|8:0,0.01,0.02,0,0,0,0,0.96,0,0.71,0.01,0,0,0,0.03,0,0,0.11,0.03,0.04,0,0,0,0.03,0 10|8 0,0.01,0.02,0,0,0,0,0.96,0,0.71,0.01,0,0,0,0.03,0,0,0.11,0.03,0.04,0,0,0,0.03,0 <AL-BL-2> <AL-BS-4> 2 2 3 2 0 1 1 0.71 0.96 2.01 1.88 2.87 2.01 0 0.86 1.02
GTEX-XV7Q-0004-SM-4YUWC 8|3:0,0,0.95,0,0,0,0,0.96,0,0.01,0,0,0,0,0,0,0,0,0,0,0,0,0,0,0 8|3 0,0,0.95,0,0,0,0,0.96,0,0.01,0,0,0,0,0,0,0,0,0,0,0,0,0,0,0 <AL-BS-4> <BS> 1 2 1 1 0 0 2 0.96 0.95 0.97 1.92 0.98 0.97 0 0.01 1.91
GTEX-ZYWO-0004-SM-5DWTS 7|14:0,0,0,0,0,0,0.96,0,0,0,0,0,0,0.96,0,0,0,0,0,0,0,0,0,0,0 7|14 0,0,0,0,0,0,0.96,0,0,0,0,0,0,0.96,0,0,0,0,0,0,0,0,0,0,0 <AL-BS-3> <AL-BS-other> 2 2 2 2 0 0 2 0.96 0.96 1.92 1.92 1.92 1.92 0 0 1.92
GTEX-11TUW-0004-SM-5DWT8 4|4:0,0,0,1.42,0,0.07,0,0,0,0,0.02,0.08,0.14,0.18,0.03,0,0,0,0,0,0,0,0,0,0 4|4 0,0,0,1.42,0,0.07,0,0,0,0,0.02,0.08,0.14,0.18,0.03,0,0,0,0,0,0,0,0,0,0 <AL-BL-3> <AL-BL-3> 2 2 4 2 0 2 0 0.71 0.71 2.12 1.87 3.81 2.12 0 1.69 0.18
GTEX-11ZTT-0003-SM-5DWTB 10|8:0,0.01,0.02,0,0,0,0,0.96,0,0.75,0.01,0,0,0,0.01,0,0,0.09,0.04,0.05,0,0,0,0.01,0 10|8 0,0.01,0.02,0,0,0,0,0.96,0,0.75,0.01,0,0,0,0.01,0,0,0.09,0.04,0.05,0,0,0,0.01,0 <AL-BL-2> <AL-BS-4> 2 2 3 2 0 1 1 0.75 0.96 2.01 1.88 2.89 2.01 0 0.88 1
GTEX-13G51-0004-SM-5HJPG 12|4:0.05,0.05,0.1,0.38,0,0.11,0.05,0.08,0.07,0.13,0.06,0.69,0.02,0.09,0.01,0,0.05,0.02,0.01,0.01,0,0,0.01,0,0 12|4 0.05,0.05,0.1,0.38,0,0.11,0.05,0.08,0.07,0.13,0.06,0.69,0.02,0.09,0.01,0,0.05,0.02,0.01,0.01,0,0,0.01,0,0 <AL-BL-1> <AL-BL-3> 2 2 4 2 0 2 0 0.69 0.38 2.1 1.8 3.41 2.1 0 1.31 0.49
GTEX-XXEK-0001-SM-4YUWD 12|10:0,0.01,0.01,0.05,0,0.01,0,0,0,0.83,0.01,0.91,0,0,0.01,0,0,0.06,0.02,0.04,0,0,0,0.01,0 12|10 0,0.01,0.01,0.05,0,0.01,0,0,0,0.83,0.01,0.91,0,0,0.01,0,0,0.06,0.02,0.04,0,0,0,0.01,0 <AL-BL-1> <AL-BL-2> 2 2 4 2 0 2 0 0.91 0.83 2.02 1.93 3.92 2.02 0 1.9 0.03
GTEX-13O3P-0003-SM-5HJPJ 11|8:0,0,0,0,0,0,0,0.96,0,0,0.96,0,0,0,0,0,0,0,0,0,0,0,0,0,0 11|8 0,0,0,0,0,0,0,0.96,0,0,0.96,0,0,0,0,0,0,0,0,0,0,0,0,0,0 <AL-BL-other> <AL-BS-4> 2 2 3 2 0 1 1 0.96 0.96 1.92 1.92 2.88 1.92 0 0.96 0.96
GTEX-12ZZW-0003-SM-5DWRO 14|11:0,0,0,0,0,0,0,0,0,0,0.96,0,0,0.96,0,0,0,0,0,0,0,0,0,0,0 14|11 0,0,0,0,0,0,0,0,0,0,0.96,0,0,0.96,0,0,0,0,0,0,0,0,0,0,0 <AL-BS-other> <AL-BL-other> 2 2 3 2 0 1 1 0.96 0.96 1.92 1.92 2.88 1.92 0 0.96 0.96
GTEX-XPT6-0004-SM-4YUXL 4|11:0,0,0,0.87,0,0.08,0,0,0,0,0.49,0.11,0.34,0.02,0.02,0,0,0,0,0,0,0,0,0,0 4|11 0,0,0,0.87,0,0.08,0,0,0,0,0.49,0.11,0.34,0.02,0.02,0,0,0,0,0,0,0,0,0,0 <AL-BL-3> <AL-BL-other> 2 2 4 2 0 2 0 0.87 0.49 2.33 1.85 4.16 2.33 0 1.83 0.02
GTEX-145MO-0001-SM-5HJRJ 4|4:0,0,0,1.54,0,0.05,0,0,0,0,0.01,0.05,0.05,0.03,0.2,0,0,0,0,0,0,0,0,0,0 4|4 0,0,0,1.54,0,0.05,0,0,0,0,0.01,0.05,0.05,0.03,0.2,0,0,0,0,0,0,0,0,0,0 <AL-BL-3> <AL-BL-3> 2 2 4 2 0 2 0 0.77 0.77 1.83 1.88 3.68 1.83 0 1.85 0.03
GTEX-Y111-0001-SM-4YUXE 6|10:0,0.01,0.02,0.02,0,0.9,0,0,0,0.74,0.01,0.01,0,0,0.01,0,0,0.11,0.04,0.03,0,0,0.03,0.02,0 6|10 0,0.01,0.02,0.02,0,0.9,0,0,0,0.74,0.01,0.01,0,0,0.01,0,0,0.11,0.04,0.03,0,0,0.03,0.02,0 <AL-AL-2> <AL-BL-2> 3 1 4 3 0 1 0 0.9 0.74 2.99 0.92 3.86 2.99 0 0.87 0.05
GTEX-Y5V6-0001-SM-4YUXD 7|10:0,0.01,0.02,0,0,0,0.96,0,0,0.8,0.01,0,0,0,0.01,0,0,0.09,0.02,0.02,0,0,0,0.01,0 7|10 0,0.01,0.02,0,0,0,0.96,0,0,0.8,0.01,0,0,0,0.01,0,0,0.09,0.02,0.02,0,0,0,0.01,0 <AL-BS-3> <AL-BL-2> 2 2 3 2 0 1 1 0.96 0.8 2.01 1.87 2.88 2.01 0 0.87 1
GTEX-12WSC-0001-SM-5DWRP 6|14:0,0,0,0.02,0,0.89,0,0,0,0,0,0.01,0,0.96,0,0,0,0,0,0,0,0,0.05,0,0 6|14 0,0,0,0.02,0,0.89,0,0,0,0,0,0.01,0,0.96,0,0,0,0,0,0,0,0,0.05,0,0 <AL-AL-2> <AL-BS-other> 3 1 3 3 0 0 1 0.89 0.96 2.92 0.99 2.95 2.92 0 0.03 0.96
GTEX-13X6J-0002-SM-5HJRQ_1 9|4:0.05,0.05,0.09,0.19,0,0.06,0.05,0.09,1.03,0.14,0.03,0.08,0.02,0.01,0,0,0.05,0.02,0,0,0,0,0,0,0 9|4 0.05,0.05,0.09,0.19,0,0.06,0.05,0.09,1.03,0.14,0.03,0.08,0.02,0.01,0,0,0.05,0.02,0,0,0,0,0,0,0 <AL-BS-5> <AL-BL-3> 2 2 3 2 0 1 1 1.03 0.19 2.02 1.83 2.48 2.02 0 0.46 1.37
GTEX-11XUK-0003-SM-5DWTF 2|10:0,0.96,0.02,0,0,0,0,0,0,0.79,0.02,0,0,0,0.01,0,0,0.07,0.02,0.04,0,0,0,0.01,0 2|10 0,0.96,0.02,0,0,0,0,0,0,0.79,0.02,0,0,0,0.01,0,0,0.07,0.02,0.04,0,0,0,0.01,0 <AL-BS-1> <AL-BL-2> 2 2 3 2 0 1 1 0.96 0.79 1.98 1.9 2.89 1.98 0 0.91 0.99
GTEX-YB5K-0001-SM-4YUVM 8|11:0.03,0.03,0.04,0.12,0,0.03,0.02,0.99,0.04,0.07,0.4,0.04,0,0.1,0,0,0.03,0.02,0,0,0,0,0,0,0 8|11 0.03,0.03,0.04,0.12,0,0.03,0.02,0.99,0.04,0.07,0.4,0.04,0,0.1,0,0,0.03,0.02,0,0,0,0,0,0,0 <AL-BS-4> <AL-BL-other> 2 2 3 2 0 1 1 0.99 0.4 2 1.88 2.63 2 0 0.63 1.25
GTEX-12WSJ-0003-SM-5DWRN 4|3:0,0,0.95,0.71,0,0.06,0,0,0,0.01,0.02,0.05,0.06,0.06,0.02,0,0,0,0,0,0,0,0,0,0 4|3 0,0,0.95,0.71,0,0.06,0,0,0,0.01,0.02,0.05,0.06,0.06,0.02,0,0,0,0,0,0,0,0,0,0 <AL-BL-3> <BS> 1 2 2 1 0 1 1 0.71 0.95 1.09 1.88 1.96 1.09 0 0.87 1.01
GTEX-13PL7-0003-SM-5HJRW 4|3:0,0,0.95,0.72,0,0.04,0,0,0,0.01,0.02,0.11,0.05,0.02,0.02,0,0,0,0,0,0,0,0,0,0 4|3 0,0,0.95,0.72,0,0.04,0,0,0,0.01,0.02,0.11,0.05,0.02,0.02,0,0,0,0,0,0,0,0,0,0 <AL-BL-3> <BS> 1 2 2 1 0 1 1 0.72 0.95 1.06 1.9 1.99 1.06 0 0.93 0.97
GTEX-11EQ9-0003-SM-5DWSP 2|4:0,0.49,0.07,0.49,0,0.02,0,0,0,0.12,0.28,0.02,0.42,0.01,0,0,0,0.02,0,0,0,0,0,0,0 2|4 0,0.49,0.07,0.49,0,0.02,0,0,0,0.12,0.28,0.02,0.42,0.01,0,0,0,0.02,0,0,0,0,0,0,0 <AL-BS-1> <AL-BL-3> 2 2 3 2 0 1 1 0.49 0.49 2.33 1.9 3.66 2.33 0 1.33 0.57
GTEX-XMD2-0001-SM-4YUVJ 4|19:0.03,0,0,0.93,0,0.02,0,0,0,0.01,0.26,0.03,0.01,0.07,0,0,0,0,0.58,0,0,0,0,0,0 4|19 0.03,0,0,0.93,0,0.02,0,0,0,0.01,0.26,0.03,0.01,0.07,0,0,0,0,0.58,0,0,0,0,0,0 <AL-BL-3> <AL> 2 1 3 2 0 1 0 0.93 0.58 2 1.31 3.24 2 0 1.24 0.07
GTEX-145MF-0004-SM-5HJQO 10|2:0,0.89,0.02,0,0,0,0,0,0,0.67,0.08,0,0,0,0.03,0,0,0.15,0.04,0.03,0,0.01,0,0.04,0 10|2 0,0.89,0.02,0,0,0,0,0,0,0.67,0.08,0,0,0,0.03,0,0,0.15,0.04,0.03,0,0.01,0,0.04,0 <AL-BL-2> <AL-BS-1> 2 2 3 2 0 1 1 0.67 0.89 2.07 1.84 2.95 2.07 0 0.88 0.96
GTEX-1192X-0004-SM-5DWSK 4|4:0.04,0.04,0.06,0.85,0,0.07,0.03,0.11,0.06,0.09,0.05,0.24,0.24,0.02,0.01,0,0.03,0.02,0,0,0,0,0,0,0 4|4 0.04,0.04,0.06,0.85,0,0.07,0.03,0.11,0.06,0.09,0.05,0.24,0.24,0.02,0.01,0,0.03,0.02,0,0,0,0,0,0,0 <AL-BL-3> <AL-BL-3> 2 2 4 2 0 2 0 0.425 0.425 2.26 1.83 3.74 2.26 0 1.48 0.35
GTEX-ZQG8-0003-SM-4YUWH 1|4:0.93,0,0,0.63,0,0.05,0,0,0,0,0.03,0.07,0.17,0.03,0.03,0,0,0,0,0,0,0,0,0,0 1|4 0.93,0,0,0.63,0,0.05,0,0,0,0,0.03,0.07,0.17,0.03,0.03,0,0,0,0,0,0,0,0,0,0 <AL-AL-1> <AL-BL-3> 3 1 4 3 0 1 0 0.93 0.63 3.06 0.96 3.99 3.06 0 0.93 0.03
GTEX-YJ89-0002-SM-4YUVL 8|4:0,0,0,0.6,0,0.04,0,0.96,0,0,0.01,0.04,0.04,0.24,0.01,0,0,0,0,0,0,0,0,0,0 8|4 0,0,0,0.6,0,0.04,0,0.96,0,0,0.01,0.04,0.04,0.24,0.01,0,0,0,0,0,0,0,0,0,0 <AL-BS-4> <AL-BL-3> 2 2 3 2 0 1 1 0.96 0.6 2.01 1.9 2.71 2.01 0 0.7 1.2
GTEX-XMD1-0004-SM-4YUWX_1 9|4:0.05,0.04,0.07,0.59,0,0.11,0.03,0.06,0.38,0.11,0.34,0.09,0.03,0.01,0,0,0.04,0.02,0.01,0,0,0,0,0,0 9|4 0.05,0.04,0.07,0.59,0,0.11,0.03,0.06,0.38,0.11,0.34,0.09,0.03,0.01,0,0,0.04,0.02,0.01,0,0,0,0,0,0 <AL-BS-5> <AL-BL-3> 2 2 3 2 0 1 1 0.38 0.59 2.12 1.79 3.28 2.12 0 1.16 0.63
GTEX-12KS4-0003-SM-5DWRE 8|4:0,0,0,0.84,0,0.03,0,0.87,0,0.01,0.08,0.05,0.03,0.02,0.02,0,0,0,0.01,0,0,0,0,0,0 8|4 0,0,0,0.84,0,0.03,0,0.87,0,0.01,0.08,0.05,0.03,0.02,0.02,0,0,0,0.01,0,0,0,0,0,0 <AL-BS-4> <AL-BL-3> 2 2 3 2 0 1 1 0.87 0.84 2 1.92 3.03 2 0 1.03 0.89
GTEX-13X6K-0003-SM-5HJPO 8|4:0,0,0,0.78,0,0.05,0,0.89,0,0,0.08,0.03,0.05,0.04,0.02,0,0,0,0,0,0,0,0,0,0 8|4 0,0,0,0.78,0,0.05,0,0.89,0,0,0.08,0.03,0.05,0.04,0.02,0,0,0,0,0,0,0,0,0,0 <AL-BS-4> <AL-BL-3> 2 2 3 2 0 1 1 0.89 0.78 2.02 1.89 2.98 2.02 0 0.96 0.93
GTEX-13VXU-0004-SM-5HJQS 13|12:0,0,0,0.37,0,0.04,0,0,0,0,0,0.93,0.55,0.02,0.02,0,0,0,0,0,0,0,0,0,0 13|12 0,0,0,0.37,0,0.04,0,0,0,0,0,0.93,0.55,0.02,0.02,0,0,0,0,0,0,0,0,0,0 <AL-AL-BL> <AL-BL-1> 3 2 5 3 0 2 0 0.55 0.93 2.5 1.89 4.37 2.5 0 1.87 0.02
GTEX-13FTZ-0004-SM-5HJPA 3|3:0,0,1.89,0,0,0,0,0,0,0.03,0,0,0,0,0,0,0,0,0,0,0,0,0,0,0 3|3 0,0,1.89,0,0,0,0,0,0,0.03,0,0,0,0,0,0,0,0,0,0,0,0,0,0,0 <BS> <BS> 0 2 0 0 0 0 2 0.945 0.945 0.03 1.92 0.06 0.03 0 0.03 1.89
GTEX-YFC4-0001-SM-4YUWA 17|12:0.03,0.03,0.05,0.16,0,0.04,0.03,0.05,0.04,0.08,0.02,0.92,0.01,0.03,0,0,0.48,0.02,0,0,0,0,0,0,0 17|12 0.03,0.03,0.05,0.16,0,0.04,0.03,0.05,0.04,0.08,0.02,0.92,0.01,0.03,0,0,0.48,0.02,0,0,0,0,0,0,0 <AL-BS-2> <AL-BL-1> 2 2 3 2 0 1 1 0.48 0.92 2.04 1.9 3.23 2.04 0 1.19 0.71
GTEX-11ZVC-0004-SM-5DWTH 8|3:0,0,0.95,0,0,0,0,0.66,0,0.01,0.25,0,0,0,0,0,0,0,0.03,0,0.03,0,0,0,0 8|3 0,0,0.95,0,0,0,0,0.66,0,0.01,0.25,0,0,0,0,0,0,0,0.03,0,0.03,0,0,0,0 <AL-BS-4> <BS> 1 2 1 1 0 0 2 0.66 0.95 0.98 1.93 1.24 0.98 0 0.26 1.67
GTEX-ZYFD-0001-SM-5DWS6 16|4:0,0,0,0.71,0,0.03,0,0,0,0,0,0.03,0.03,0.02,0.16,0.95,0,0,0,0,0,0,0,0,0 16|4 0,0,0,0.71,0,0.03,0,0,0,0,0,0.03,0.03,0.02,0.16,0.95,0,0,0,0,0,0,0,0,0 <AL-AS-BS-BS> <AL-BL-3> 3 3 3 2 1 1 2 0.95 0.71 2.78 2.85 2.76 1.83 0.95 0.93 1.92
GTEX-ZYT6-0002-SM-5DWS9 4|9:0,0,0,0.73,0,0.07,0,0,0.96,0,0.04,0.08,0.02,0.02,0.01,0,0,0,0,0.02,0,0,0.01,0,0 4|9 0,0,0,0.73,0,0.07,0,0,0.96,0,0.04,0.08,0.02,0.02,0.01,0,0,0,0,0.02,0,0,0.01,0,0 <AL-BL-3> <AL-BS-5> 2 2 3 2 0 1 1 0.73 0.96 2.06 1.9 2.98 2.06 0 0.92 0.98
GTEX-XLM4-0003-SM-4YUW8 10|8:0,0.01,0.02,0,0,0,0,0.96,0,0.78,0.01,0,0,0,0.01,0,0,0.09,0.03,0.03,0,0,0,0.01,0 10|8 0,0.01,0.02,0,0,0,0,0.96,0,0.78,0.01,0,0,0,0.01,0,0,0.09,0.03,0.03,0,0,0,0.01,0 <AL-BL-2> <AL-BS-4> 2 2 3 2 0 1 1 0.78 0.96 2.01 1.87 2.88 2.01 0 0.87 1
GTEX-12WSK-0003-SM-5DWRQ 4|10:0,0.01,0.02,0.72,0,0.06,0,0,0,0.77,0.02,0.04,0.08,0.05,0.03,0,0,0.07,0.03,0.06,0,0,0,0.01,0 4|10 0,0.01,0.02,0.72,0,0.06,0,0,0,0.77,0.02,0.04,0.08,0.05,0.03,0,0,0.07,0.03,0.06,0,0,0,0.01,0 <AL-BL-3> <AL-BL-2> 2 2 4 2 0 2 0 0.72 0.77 2.13 1.88 3.92 2.13 0 1.79 0.09
GTEX-11WQK-0003-SM-5DWTN 4|3:0,0.01,0.93,0.91,0,0.01,0,0,0,0.02,0,0.04,0,0,0,0,0,0,0,0.01,0,0,0,0,0 4|3 0,0.01,0.93,0.91,0,0.01,0,0,0,0.02,0,0.04,0,0,0,0,0,0,0,0.01,0,0,0,0,0 <AL-BL-3> <BS> 1 2 2 1 0 1 1 0.91 0.93 1.01 1.93 2 1.01 0 0.99 0.94
GTEX-XMK1-0003-SM-4YUWQ 17|10:0,0.01,0.02,0,0,0,0,0,0,0.68,0.01,0,0,0.01,0.01,0,0.95,0.13,0.09,0.02,0,0,0,0.02,0 17|10 0,0.01,0.02,0,0,0,0,0,0,0.68,0.01,0,0,0.01,0.01,0,0.95,0.13,0.09,0.02,0,0,0,0.02,0 <AL-BS-2> <AL-BL-2> 2 2 3 2 0 1 1 0.95 0.68 2.05 1.77 2.81 2.05 0 0.76 1.01
GTEX-XUJ4-0001-SM-4YUW2 4|11:0,0,0,0.89,0,0.11,0,0,0,0,0.6,0.19,0.07,0.05,0.02,0,0,0,0,0,0,0,0.01,0,0 4|11 0,0,0,0.89,0,0.11,0,0,0,0,0.6,0.19,0.07,0.05,0.02,0,0,0,0,0,0,0,0.01,0,0 <AL-BL-3> <AL-BL-other> 2 2 4 2 0 2 0 0.89 0.6 2.12 1.82 3.89 2.12 0 1.77 0.05
GTEX-XPVG-0003-SM-4YUWK 4|6:0,0,0,0.77,0,0.9,0,0,0,0,0.01,0.05,0.05,0.04,0.02,0,0,0,0,0,0,0,0.1,0,0 4|6 0,0,0,0.77,0,0.9,0,0,0,0,0.01,0.05,0.05,0.04,0.02,0,0,0,0,0,0,0,0.1,0,0 <AL-BL-3> <AL-AL-2> 3 1 4 3 0 1 0 0.77 0.9 3.07 0.94 3.97 3.07 0 0.9 0.04
GTEX-ZLV1-0003-SM-4YUVF 4|19:0.08,0.05,0.09,0.21,0,0.06,0.05,0.09,0.08,0.14,0.29,0.08,0.02,0.08,0,0,0.05,0.03,0.57,0,0,0,0,0,0 4|19 0.08,0.05,0.09,0.21,0,0.06,0.05,0.09,0.08,0.14,0.29,0.08,0.02,0.08,0,0,0.05,0.03,0.57,0,0,0,0,0,0 <AL-BL-3> <AL> 2 1 3 2 0 1 0 0.21 0.57 2.07 1.23 2.81 2.07 0 0.74 0.49
GTEX-Z93S-0002-SM-4YUVX 4|10:0,0.01,0.02,0.67,0,0.1,0,0,0,0.72,0.02,0.04,0.08,0.06,0.02,0,0,0.07,0.02,0.12,0,0,0,0.01,0 4|10 0,0.01,0.02,0.67,0,0.1,0,0,0,0.72,0.02,0.04,0.08,0.06,0.02,0,0,0.07,0.02,0.12,0,0,0,0.01,0 <AL-BL-3> <AL-BL-2> 2 2 4 2 0 2 0 0.67 0.72 2.17 1.9 3.97 2.17 0 1.8 0.1
GTEX-Y8E4-0001-SM-4YUWB 8|4:0,0,0,0.47,0,0.05,0,0.96,0,0,0.01,0.03,0.05,0.36,0.02,0,0,0,0,0,0,0,0,0,0 8|4 0,0,0,0.47,0,0.05,0,0.96,0,0,0.01,0.03,0.05,0.36,0.02,0,0,0,0,0,0,0,0,0,0 <AL-BS-4> <AL-BL-3> 2 2 3 2 0 1 1 0.96 0.47 2.03 1.9 2.61 2.03 0 0.58 1.32
GTEX-13QIC-0004-SM-5HJR4 19|4:0.03,0,0,0.8,0,0.03,0,0,0,0.01,0.24,0.1,0.04,0.09,0.02,0,0,0,0.59,0,0,0,0,0,0 19|4 0.03,0,0,0.8,0,0.03,0,0,0,0.01,0.24,0.1,0.04,0.09,0.02,0,0,0,0.59,0,0,0,0,0,0 <AL> <AL-BL-3> 2 1 3 2 0 1 0 0.59 0.8 2.03 1.3 3.24 2.03 0 1.21 0.09
GTEX-ZV6S-0002-SM-4YUWI 4|1:0.5,0.01,0.02,0.78,0.01,0.06,0.01,0.01,0.02,0.03,0.32,0.08,0.03,0.02,0.01,0,0.01,0,0.01,0.05,0,0.01,0.01,0,0 4|1 0.5,0.01,0.02,0.78,0.01,0.06,0.01,0.01,0.02,0.03,0.32,0.08,0.03,0.02,0.01,0,0.01,0,0.01,0.05,0,0.01,0.01,0,0 <AL-BL-3> <AL-AL-1> 3 1 4 3 0 1 0 0.78 0.5 2.6 1.47 3.95 2.59 0.01 1.36 0.11
GTEX-ZUA1-0001-SM-4YUVH 4|2:0,0.83,0.01,0.84,0,0.02,0,0,0,0.02,0.16,0.06,0,0,0,0,0,0,0,0,0,0.01,0,0,0 4|2 0,0.83,0.01,0.84,0,0.02,0,0,0,0.02,0.16,0.06,0,0,0,0,0,0,0,0,0,0.01,0,0,0 <AL-BL-3> <AL-BS-1> 2 2 3 2 0 1 1 0.84 0.83 1.97 1.93 3.05 1.97 0 1.08 0.85
GTEX-13QBU-0003-SM-5HJRN_1 9|3:0,0.01,0.94,0,0,0,0,0,0.96,0.02,0,0,0,0,0,0,0,0,0,0,0,0,0,0,0 9|3 0,0.01,0.94,0,0,0,0,0,0.96,0.02,0,0,0,0,0,0,0,0,0,0,0,0,0,0,0 <AL-BS-5> <BS> 1 2 1 1 0 0 2 0.96 0.94 0.99 1.93 1.01 0.99 0 0.02 1.91
GTEX-13CIG-0004-SM-5HJRO 10|3:0,0.01,0.96,0,0,0,0,0,0,0.72,0.01,0,0,0,0.01,0,0,0.13,0.06,0.02,0,0,0,0.03,0 10|3 0,0.01,0.96,0,0,0,0,0,0,0.72,0.01,0,0,0,0.01,0,0,0.13,0.06,0.02,0,0,0,0.03,0 <AL-BL-2> <BS> 1 2 2 1 0 1 1 0.72 0.96 1.11 1.81 1.92 1.11 0 0.81 1
GTEX-12WSN-0004-SM-5DWRZ 9|14:0,0,0,0,0,0,0,0,0.96,0,0,0,0,0.96,0,0,0,0,0,0,0,0,0,0,0 9|14 0,0,0,0,0,0,0,0,0.96,0,0,0,0,0.96,0,0,0,0,0,0,0,0,0,0,0 <AL-BS-5> <AL-BS-other> 2 2 2 2 0 0 2 0.96 0.96 1.92 1.92 1.92 1.92 0 0 1.92
GTEX-ZVT2-0003-SM-4YUVI 10|20:0,0.01,0.02,0.13,0,0,0,0,0,0.75,0.01,0,0,0,0.01,0,0,0.1,0.05,0.85,0,0,0,0.02,0 10|20 0,0.01,0.02,0.13,0,0,0,0,0,0.75,0.01,0,0,0,0.01,0,0,0.1,0.05,0.85,0,0,0,0.02,0 <AL-BL-2> <AL-BL-BL> 2 3 5 2 0 3 0 0.75 0.85 2.02 2.67 4.64 2.02 0 2.62 0.05
GTEX-ZPCL-0001-SM-4YUWG 10|6:0,0.07,0.06,0.33,0,0.35,0,0,0,0.63,0.03,0.2,0.01,0.01,0.03,0,0,0.09,0.02,0.05,0,0,0.05,0.02,0 10|6 0,0.07,0.06,0.33,0,0.35,0,0,0,0.63,0.03,0.2,0.01,0.01,0.03,0,0,0.09,0.02,0.05,0,0,0.05,0.02,0 <AL-BL-2> <AL-AL-2> 3 1 4 3 0 1 0 0.63 0.35 2.41 1.51 3.76 2.41 0 1.35 0.16
GTEX-13OVJ-0001-SM-5HJR8 11|19:0,0,0,0,0,0,0,0,0,0,0.99,0,0,0.02,0,0,0,0,0.91,0,0,0,0,0,0 11|19 0,0,0,0,0,0,0,0,0,0,0.99,0,0,0.02,0,0,0,0,0.91,0,0,0,0,0,0 <AL-BL-other> <AL> 2 1 3 2 0 1 0 0.99 0.91 1.92 1.01 2.91 1.92 0 0.99 0.02
GTEX-139TS-0003-SM-5HJR1 3|9:0,0,0.95,0,0,0,0,0,0.96,0.01,0,0,0,0,0,0,0,0,0,0,0,0,0,0,0 3|9 0,0,0.95,0,0,0,0,0,0.96,0.01,0,0,0,0,0,0,0,0,0,0,0,0,0,0,0 <BS> <AL-BS-5> 1 2 1 1 0 0 2 0.95 0.96 0.97 1.92 0.98 0.97 0 0.01 1.91
GTEX-13IVO-0004-SM-5HJQQ 10|11:0,0.01,0.02,0.39,0,0.03,0,0,0,0.76,0.44,0.06,0.03,0.02,0.03,0,0,0.08,0.03,0.06,0,0,0,0.01,0 10|11 0,0.01,0.02,0.39,0,0.03,0,0,0,0.76,0.44,0.06,0.03,0.02,0.03,0,0,0.08,0.03,0.06,0,0,0,0.01,0 <AL-BL-2> <AL-BL-other> 2 2 4 2 0 2 0 0.76 0.44 2.06 1.9 3.9 2.06 0 1.84 0.06
GTEX-111FC-0001-SM-5DWSO 3|1:0.2,0.03,0.98,0.1,0.14,0.05,0.02,0.05,0.04,0.08,0.14,0.04,0.01,0.01,0,0,0.02,0.01,0,0,0,0.04,0,0,0 3|1 0.2,0.03,0.98,0.1,0.14,0.05,0.02,0.05,0.04,0.08,0.14,0.04,0.01,0.01,0,0,0.02,0.01,0,0,0,0.04,0,0,0 <BS> <AL-AL-1> 2 1 2 2 0 0 1 0.98 0.2 1.43 1.7 1.8 1.29 0.14 0.51 1.19
GTEX-YJ8A-0002-SM-4YUUZ 10|1:0.95,0.01,0.02,0,0,0,0,0,0,0.73,0.02,0,0,0,0.03,0,0,0.09,0.02,0.05,0,0,0,0.02,0 10|1 0.95,0.01,0.02,0,0,0,0,0,0,0.73,0.02,0,0,0,0.03,0,0,0.09,0.02,0.05,0,0,0,0.02,0 <AL-BL-2> <AL-AL-1> 3 1 4 3 0 1 0 0.73 0.95 2.93 0.95 3.83 2.93 0 0.9 0.05
GTEX-12WSA-0001-SM-5DWRG 4|10:0,0,0.01,0.75,0,0.04,0,0,0,0.89,0.01,0.05,0.03,0.02,0.1,0,0,0.02,0.01,0.01,0,0,0,0.01,0 4|10 0,0,0.01,0.75,0,0.04,0,0,0,0.89,0.01,0.05,0.03,0.02,0.1,0,0,0.02,0.01,0.01,0,0,0,0.01,0 <AL-BL-3> <AL-BL-2> 2 2 4 2 0 2 0 0.75 0.89 1.93 1.9 3.79 1.93 0 1.86 0.04
GTEX-13PLJ-0003-SM-5HJPK 6|7:0,0,0,0.02,0,0.87,0.96,0,0,0,0,0.01,0,0,0,0,0,0,0,0,0,0,0.07,0,0 6|7 0,0,0,0.02,0,0.87,0.96,0,0,0,0,0.01,0,0,0,0,0,0,0,0,0,0,0.07,0,0 <AL-AL-2> <AL-BS-3> 3 1 3 3 0 0 1 0.87 0.96 2.94 0.99 2.97 2.94 0 0.03 0.96
GTEX-12WSL-0003-SM-5DWRL 1|3:0.92,0.01,0.94,0,0,0,0,0,0,0.02,0.04,0,0,0,0,0,0,0,0,0,0,0,0,0,0 1|3 0.92,0.01,0.94,0,0,0,0,0,0,0.02,0.04,0,0,0,0,0,0,0,0,0,0,0,0,0,0 <AL-AL-1> <BS> 2 1 2 2 0 0 1 0.92 0.94 1.91 1.01 1.97 1.91 0 0.06 0.95
GTEX-Y3I4-0004-SM-4YUVP 11|4:0,0,0,1.28,0,0.04,0,0,0,0,0.43,0.11,0.04,0.02,0.02,0,0,0,0,0,0,0,0,0,0 11|4 0,0,0,1.28,0,0.04,0,0,0,0,0.43,0.11,0.04,0.02,0.02,0,0,0,0,0,0,0,0,0,0 <AL-BL-other> <AL-BL-3> 2 2 4 2 0 2 0 0.43 1.28 2 1.9 3.88 2 0 1.88 0.02
GTEX-113JC-0001-SM-5DWSH 11|14:0.18,0.02,0.02,0.06,0.01,0.02,0.01,0.02,0.02,0.04,0.55,0.02,0,0.96,0,0,0.02,0.01,0.01,0,0,0.01,0,0,0 11|14 0.18,0.02,0.02,0.06,0.01,0.02,0.01,0.02,0.02,0.04,0.55,0.02,0,0.96,0,0,0.02,0.01,0.01,0,0,0.01,0,0,0 <AL-BL-other> <AL-BS-other> 2 2 3 2 0 1 1 0.55 0.96 2.19 1.76 2.86 2.18 0.01 0.68 1.08
GTEX-11I78-0002-SM-5DWT9 21|10:0.02,0.03,0.04,0.11,0,0.29,0.02,0.03,0.03,0.68,0.02,0.03,0.01,0.02,0.02,0,0.02,0.19,0.04,0.02,0.32,0,0,0.06,0 21|10 0.02,0.03,0.04,0.11,0,0.29,0.02,0.03,0.03,0.68,0.02,0.03,0.01,0.02,0.02,0,0.02,0.19,0.04,0.02,0.32,0,0,0.06,0 <AL-BS-BS> <AL-BL-2> 2 3 3 2 0 1 2 0.32 0.68 2.45 1.86 3.42 2.45 0 0.97 0.89
GTEX-XUW1-0002-SM-4YUXF 4|9:0.02,0.02,0.04,0.63,0,0.09,0.02,0.03,0.35,0.05,0.3,0.14,0.04,0.21,0.01,0,0.02,0.01,0,0,0,0,0,0,0 4|9 0.02,0.02,0.04,0.63,0,0.09,0.02,0.03,0.35,0.05,0.3,0.14,0.04,0.21,0.01,0,0.02,0.01,0,0,0,0,0,0,0 <AL-BL-3> <AL-BS-5> 2 2 3 2 0 1 1 0.63 0.35 2.09 1.86 3.26 2.09 0 1.17 0.69
GTEX-ZVZQ-0002-SM-4YUWV 21|14:0,0,0,0,0,0,0,0,0,0,0,0,0,0.96,0,0,0,0,0,0,0.96,0,0,0,0 21|14 0,0,0,0,0,0,0,0,0,0,0,0,0,0.96,0,0,0,0,0,0,0.96,0,0,0,0 <AL-BS-BS> <AL-BS-other> 2 3 2 2 0 0 3 0.96 0.96 1.92 2.88 1.92 1.92 0 0 2.88
GTEX-ZGAY-0002-SM-4YUV3 5|2:0,0.84,0.01,0,0.86,0,0,0,0,0.03,0.18,0,0,0,0,0,0,0,0,0,0,0,0,0,0 5|2 0,0.84,0.01,0,0.86,0,0,0,0,0.03,0.18,0,0,0,0,0,0,0,0,0,0,0,0,0,0 <AL-AS-BL> <AL-BS-1> 3 2 3 2 1 1 1 0.86 0.84 2.77 1.92 2.98 1.91 0.86 1.07 0.85
GTEX-13CF3-0004-SM-5HJRC 11|8:0,0.01,0.02,0,0,0,0,0.96,0,0.12,0.8,0,0,0,0,0,0,0.02,0.01,0.01,0,0,0,0,0 11|8 0,0.01,0.02,0,0,0,0,0.96,0,0.12,0.8,0,0,0,0,0,0,0.02,0.01,0.01,0,0,0,0,0 <AL-BL-other> <AL-BS-4> 2 2 3 2 0 1 1 0.8 0.96 1.95 1.93 2.89 1.95 0 0.94 0.99
GTEX-1399T-0004-SM-5HJPS_1 4|12:0,0,0,0.85,0,0.04,0,0,0,0,0.01,0.96,0.03,0.02,0.02,0,0,0,0,0,0,0,0,0,0 4|12 0,0,0,0.85,0,0.04,0,0,0,0,0.01,0.96,0.03,0.02,0.02,0,0,0,0,0,0,0,0,0,0 <AL-BL-3> <AL-BL-1> 2 2 4 2 0 2 0 0.85 0.96 1.98 1.89 3.85 1.98 0 1.87 0.02
GTEX-11EMC-0004-SM-5DWTM 4|4:0,0,0,1.43,0,0.06,0,0,0,0,0.03,0.28,0.03,0.02,0.09,0,0,0,0,0,0,0,0,0,0 4|4 0,0,0,1.43,0,0.06,0,0,0,0,0.03,0.28,0.03,0.02,0.09,0,0,0,0,0,0,0,0,0,0 <AL-BL-3> <AL-BL-3> 2 2 4 2 0 2 0 0.715 0.715 1.94 1.88 3.8 1.94 0 1.86 0.02
GTEX-13OVH-0003-SM-5HJPW_1 19|10:0,0.04,0.06,0,0,0,0,0,0,0.54,0.01,0,0,0,0.18,0,0,0.08,0.98,0.02,0,0,0,0.02,0 19|10 0,0.04,0.06,0,0,0,0,0,0,0.54,0.01,0,0,0,0.18,0,0,0.08,0.98,0.02,0,0,0,0.02,0 <AL> <AL-BL-2> 2 1 3 2 0 1 0 0.98 0.54 1.77 0.91 2.56 1.77 0 0.79 0.12
GTEX-ZTTD-0002-SM-4YUV5 17|16:0.02,0.06,0.02,0.06,0,0.02,0.09,0.02,0.02,0.04,0,0.02,0.02,0.05,0,0.53,0.97,0.01,0,0,0,0,0,0,0.02 17|16 0.02,0.06,0.02,0.06,0,0.02,0.09,0.02,0.02,0.04,0,0.02,0.02,0.05,0,0.53,0.97,0.01,0,0,0,0,0,0,0.02 <AL-BS-2> <AL-AS-BS-BS> 3 3 2 2 1 0 3 0.97 0.53 2.53 2.47 2.16 2 0.53 0.16 2.31
GTEX-ZXES-0001-SM-5DWS2 7|10:0,0.01,0.02,0,0,0,0.96,0,0,0.68,0.01,0,0,0,0.08,0,0,0.09,0.05,0.03,0,0,0,0.01,0 7|10 0,0.01,0.02,0,0,0,0.96,0,0,0.68,0.01,0,0,0,0.08,0,0,0.09,0.05,0.03,0,0,0,0.01,0 <AL-BS-3> <AL-BL-2> 2 2 3 2 0 1 1 0.96 0.68 1.93 1.84 2.77 1.93 0 0.84 1
GTEX-Y8LW-0004-SM-4YUUY 6|19:0,0,0,0.02,0,0.85,0,0,0,0,0,0.01,0,0,0,0,0,0,0.96,0,0,0,0.09,0,0 6|19 0,0,0,0.02,0,0.85,0,0,0,0,0,0.01,0,0,0,0,0,0,0.96,0,0,0,0.09,0,0 <AL-AL-2> <AL> 3 0 3 3 0 0 0 0.85 0.96 2.96 0.03 2.99 2.96 0 0.03 0
GTEX-ZEX8-0001-SM-4YUX4 16|10:0,0.01,0.02,0,0,0,0,0,0,0.77,0.02,0,0,0,0.01,0.96,0,0.07,0.02,0.06,0,0,0,0.01,0 16|10 0,0.01,0.02,0,0,0,0,0,0,0.77,0.02,0,0,0,0.01,0.96,0,0.07,0.02,0.06,0,0,0,0.01,0 <AL-AS-BS-BS> <AL-BL-2> 3 3 3 2 1 1 2 0.96 0.77 2.95 2.89 2.92 1.99 0.96 0.93 1.96
GTEX-13QJ3-0002-SM-5HJRS_1 17|17:0,0,0,0,0,0,0,0,0,0,0,0,0,0.01,0,0,1.9,0,0,0,0,0,0,0,0 17|17 0,0,0,0,0,0,0,0,0,0,0,0,0,0.01,0,0,1.9,0,0,0,0,0,0,0,0 <AL-BS-2> <AL-BS-2> 2 2 2 2 0 0 2 0.95 0.95 1.91 1.91 1.91 1.91 0 0 1.91
GTEX-11EI6-0004-SM-5DWSG 14|3:0,0,0.95,0,0,0,0,0,0,0.01,0,0,0,0.96,0,0,0,0,0,0,0,0,0,0,0 14|3 0,0,0.95,0,0,0,0,0,0,0.01,0,0,0,0.96,0,0,0,0,0,0,0,0,0,0,0 <AL-BS-other> <BS> 1 2 1 1 0 0 2 0.96 0.95 0.97 1.92 0.98 0.97 0 0.01 1.91
GTEX-117YW-0003-SM-5DWRD 1|4:0.94,0,0,0.7,0,0.03,0,0,0,0,0.03,0.14,0.02,0.01,0.06,0,0,0,0,0,0,0,0,0,0 1|4 0.94,0,0,0.7,0,0.03,0,0,0,0,0.03,0.14,0.02,0.01,0.06,0,0,0,0,0,0,0,0,0,0 <AL-AL-1> <AL-BL-3> 3 1 4 3 0 1 0 0.94 0.7 2.86 0.96 3.81 2.86 0 0.95 0.01
GTEX-12696-0003-SM-5DWTK 10|4:0,0.08,0.06,0.84,0,0,0,0,0,0.48,0.23,0,0,0,0.01,0,0,0.07,0.03,0.15,0,0,0,0.01,0 10|4 0,0.08,0.06,0.84,0,0,0,0,0,0.48,0.23,0,0,0,0.01,0,0,0.07,0.03,0.15,0,0,0,0.01,0 <AL-BL-2> <AL-BL-3> 2 2 4 2 0 2 0 0.48 0.84 1.96 2.02 3.83 1.96 0 1.87 0.15
GTEX-ZP4G-0002-SM-4YUW4 1|10:0.93,0.01,0.02,0,0,0,0,0,0,0.62,0.02,0,0,0,0.02,0,0,0.18,0.04,0.02,0,0.01,0,0.07,0 1|10 0.93,0.01,0.02,0,0,0,0,0,0,0.62,0.02,0,0,0,0.02,0,0,0.18,0.04,0.02,0,0.01,0,0.07,0 <AL-AL-1> <AL-BL-2> 3 1 4 3 0 1 0 0.93 0.62 3.02 0.88 3.79 3.02 0 0.77 0.11
GTEX-11DXW-0003-SM-5DWSM 21|11:0.02,0.02,0.03,0.07,0,0.02,0.01,0.03,0.03,0.05,0.56,0.03,0,0.17,0,0,0.02,0.01,0,0,0.91,0,0,0,0 21|11 0.02,0.02,0.03,0.07,0,0.02,0.01,0.03,0.03,0.05,0.56,0.03,0,0.17,0,0,0.02,0.01,0,0,0.91,0,0,0,0 <AL-BS-BS> <AL-BL-other> 2 3 3 2 0 1 2 0.91 0.56 2 2.84 2.71 2 0 0.71 2.13
GTEX-ZA64-0003-SM-4YUXC 4|8:0,0,0,0.87,0,0.02,0,0.96,0,0,0,0.03,0.02,0.02,0.01,0,0,0,0,0,0,0,0,0,0 4|8 0,0,0,0.87,0,0.02,0,0.96,0,0,0,0.03,0.02,0.02,0.01,0,0,0,0,0,0,0,0,0,0 <AL-BL-3> <AL-BS-4> 2 2 3 2 0 1 1 0.87 0.96 1.96 1.91 2.89 1.96 0 0.93 0.98
GTEX-13OW6-0002-SM-5HJPU 15|12:0,0.01,0.01,0.16,0,0.05,0,0,0,0.35,0.01,0.73,0.01,0.02,0.51,0,0,0.06,0.02,0.02,0,0,0,0.02,0 15|12 0,0.01,0.01,0.16,0,0.05,0,0,0,0.35,0.01,0.73,0.01,0.02,0.51,0,0,0.06,0.02,0.02,0,0,0,0.02,0 <BL> <AL-BL-1> 1 2 3 1 0 2 0 0.51 0.73 1.58 1.89 3.41 1.58 0 1.83 0.06
GTEX-13S86-0003-SM-5HJPD 17|12:0,0,0,0.1,0,0.01,0,0,0,0,0,0.86,0,0.01,0,0,0.95,0,0,0,0,0,0,0,0 17|12 0,0,0,0.1,0,0.01,0,0,0,0,0,0.86,0,0.01,0,0,0.95,0,0,0,0,0,0,0,0 <AL-BS-2> <AL-BL-1> 2 2 3 2 0 1 1 0.95 0.86 1.94 1.92 2.9 1.94 0 0.96 0.96
GTEX-ZYY3-0002-SM-5DWTT 14|6:0.01,0.11,0.02,0.24,0,0.69,0.01,0.01,0.02,0.02,0.02,0.08,0.02,0.7,0.01,0,0.01,0,0,0,0,0.01,0,0,0 14|6 0.01,0.11,0.02,0.24,0,0.69,0.01,0.01,0.02,0.02,0.02,0.08,0.02,0.7,0.01,0,0.01,0,0,0,0,0.01,0,0,0 <AL-BS-other> <AL-AL-2> 3 1 3 3 0 0 1 0.7 0.69 2.68 1.28 3.07 2.68 0 0.39 0.89
GTEX-13O3Q-0003-SM-5HJQV 10|1:0.94,0.01,0.02,0,0,0,0,0,0,0.67,0.03,0,0,0,0.01,0,0,0.15,0.08,0.02,0,0,0,0.02,0 10|1 0.94,0.01,0.02,0,0,0,0,0,0,0.67,0.03,0,0,0,0.01,0,0,0.15,0.08,0.02,0,0,0,0.02,0 <AL-BL-2> <AL-AL-1> 3 1 4 3 0 1 0 0.67 0.94 3.01 0.82 3.78 3.01 0 0.77 0.05
GTEX-1192W-0001-SM-5DWSN 4|4:0,0,0,1.69,0,0.01,0,0,0,0,0,0.03,0.01,0.02,0.17,0,0,0,0,0,0,0,0,0,0 4|4 0,0,0,1.69,0,0.01,0,0,0,0,0,0.03,0.01,0.02,0.17,0,0,0,0,0,0,0,0,0,0 <AL-BL-3> <AL-BL-3> 2 2 4 2 0 2 0 0.845 0.845 1.78 1.92 3.68 1.78 0 1.9 0.02
GTEX-Y9LG-0003-SM-4YUVB 8|4:0,0,0,0.66,0,0.08,0,0.95,0,0,0.03,0.07,0.06,0.04,0.03,0,0,0,0,0.01,0,0,0.01,0,0 8|4 0,0,0,0.66,0,0.08,0,0.95,0,0,0.03,0.07,0.06,0.04,0.03,0,0,0,0,0.01,0,0,0.01,0,0 <AL-BS-4> <AL-BL-3> 2 2 3 2 0 1 1 0.95 0.66 2.07 1.86 2.94 2.07 0 0.87 0.99
GTEX-13NYS-0003-SM-5HJPP 10|9:0.03,0.03,0.16,0.1,0.04,0.03,0.02,0.04,0.39,0.95,0.04,0.04,0,0,0,0,0.02,0.05,0.02,0.02,0,0,0,0,0 10|9 0.03,0.03,0.16,0.1,0.04,0.03,0.02,0.04,0.39,0.95,0.04,0.04,0,0,0,0,0.02,0.05,0.02,0.02,0,0,0,0,0 <AL-BL-2> <AL-BS-5> 2 2 3 2 0 1 1 0.95 0.39 1.97 1.87 3.14 1.93 0.04 1.21 0.66
GTEX-ZV68-0001-SM-4YUWU 4|9:0.05,0.05,0.11,0.19,0,0.05,0.05,0.08,1.02,0.13,0.04,0.07,0.01,0.04,0,0,0.05,0.02,0.01,0,0,0,0,0,0 4|9 0.05,0.05,0.11,0.19,0,0.05,0.05,0.08,1.02,0.13,0.04,0.07,0.01,0.04,0,0,0.05,0.02,0.01,0,0,0,0,0,0 <AL-BL-3> <AL-BS-5> 2 2 3 2 0 1 1 0.19 1.02 1.99 1.84 2.43 1.99 0 0.44 1.4
GTEX-13SLW-0003-SM-5HJRH 11|4:0.05,0.05,0.08,0.18,0.01,0.06,0.04,0.08,0.07,0.12,1.02,0.08,0.01,0.02,0,0,0.04,0.02,0.02,0,0,0.01,0.01,0,0 11|4 0.05,0.05,0.08,0.18,0.01,0.06,0.04,0.08,0.07,0.12,1.02,0.08,0.01,0.02,0,0,0.04,0.02,0.02,0,0,0.01,0.01,0,0 <AL-BL-other> <AL-BL-3> 2 2 4 2 0 2 0 1.02 0.18 2.07 1.81 3.48 2.06 0.01 1.42 0.39
GTEX-ZC5H-0003-SM-4YUW1 7|14:0,0,0,0,0,0,0.96,0,0,0,0,0,0,0.96,0,0,0,0,0,0,0,0,0,0,0 7|14 0,0,0,0,0,0,0.96,0,0,0,0,0,0,0.96,0,0,0,0,0,0,0,0,0,0,0 <AL-BS-3> <AL-BS-other> 2 2 2 2 0 0 2 0.96 0.96 1.92 1.92 1.92 1.92 0 0 1.92
GTEX-13O21-0003-SM-5HJPF 8|10:0,0.01,0.02,0,0,0,0,0.96,0,0.7,0.01,0,0,0,0.03,0,0,0.11,0.03,0.04,0,0,0,0.03,0 8|10 0,0.01,0.02,0,0,0,0,0.96,0,0.7,0.01,0,0,0,0.03,0,0,0.11,0.03,0.04,0,0,0,0.03,0 <AL-BS-4> <AL-BL-2> 2 2 3 2 0 1 1 0.96 0.7 2 1.87 2.85 2 0 0.85 1.02
GTEX-12WSM-0001-SM-5DWS1 5|10:0,0.01,0.02,0,0.93,0,0,0,0,0.76,0.04,0,0,0,0.01,0,0,0.08,0.03,0.06,0,0,0,0.01,0 5|10 0,0.01,0.02,0,0.93,0,0,0,0,0.76,0.04,0,0,0,0.01,0,0,0.08,0.03,0.06,0,0,0,0.01,0 <AL-AS-BL> <AL-BL-2> 3 2 4 2 1 2 0 0.93 0.76 2.93 1.91 3.87 2 0.93 1.87 0.04
GTEX-11VI4-0003-SM-5DWTX 11|3:0,0,0.95,0,0,0,0,0,0,0.01,0.96,0,0,0,0,0,0,0,0,0,0,0,0,0,0 11|3 0,0,0.95,0,0,0,0,0,0,0.01,0.96,0,0,0,0,0,0,0,0,0,0,0,0,0,0 <AL-BL-other> <BS> 1 2 2 1 0 1 1 0.96 0.95 0.97 1.92 1.94 0.97 0 0.97 0.95
GTEX-11DZ1-0002-SM-5DWSL 5|3:0,0,0.95,0,0.94,0,0,0,0,0.01,0.02,0,0,0,0,0,0,0,0,0,0,0,0,0,0 5|3 0,0,0.95,0,0.94,0,0,0,0,0.01,0.02,0,0,0,0,0,0,0,0,0,0,0,0,0,0 <AL-AS-BL> <BS> 2 2 2 1 1 1 1 0.94 0.95 1.91 1.92 1.94 0.97 0.94 0.97 0.95
GTEX-YEC4-0006-SM-4YUWY 1|8:0.94,0,0,0,0,0,0,0.96,0,0,0.02,0,0,0,0,0,0,0,0,0,0,0,0,0,0 1|8 0.94,0,0,0,0,0,0,0.96,0,0,0.02,0,0,0,0,0,0,0,0,0,0,0,0,0,0 <AL-AL-1> <AL-BS-4> 3 1 3 3 0 0 1 0.94 0.96 2.86 0.98 2.88 2.86 0 0.02 0.96
GTEX-ZF28-0002-SM-4YUW3 11|19:0,0,0,0,0,0,0,0,0,0,0.96,0,0,0,0,0,0,0,0.96,0,0,0,0,0,0 11|19 0,0,0,0,0,0,0,0,0,0,0.96,0,0,0,0,0,0,0,0.96,0,0,0,0,0,0 <AL-BL-other> <AL> 2 1 3 2 0 1 0 0.96 0.96 1.92 0.96 2.88 1.92 0 0.96 0
GTEX-ZYFG-0004-SM-5DWS8 17|10:0,0.01,0.02,0,0,0,0,0,0,0.69,0.01,0,0,0.01,0.01,0,0.95,0.15,0.07,0.02,0,0,0,0.02,0 17|10 0,0.01,0.02,0,0,0,0,0,0,0.69,0.01,0,0,0.01,0.01,0,0.95,0.15,0.07,0.02,0,0,0,0.02,0 <AL-BS-2> <AL-BL-2> 2 2 3 2 0 1 1 0.95 0.69 2.08 1.78 2.85 2.08 0 0.77 1.01
GTEX-13X6I-0002-SM-5HJQC 3|15:0,0,0.95,0,0,0,0,0,0,0.08,0,0,0,0,0.88,0,0,0.01,0,0,0,0,0,0,0 3|15 0,0,0.95,0,0,0,0,0,0,0.08,0,0,0,0,0.88,0,0,0.01,0,0,0,0,0,0,0 <BS> <BL> 0 2 1 0 0 1 1 0.95 0.88 0.1 1.91 1.06 0.1 0 0.96 0.95
GTEX-13W46-0003-SM-5HJPN 8|10:0,0.01,0.02,0,0,0,0,0.96,0,0.7,0.01,0,0,0,0.01,0,0,0.14,0.06,0.02,0,0,0,0.03,0 8|10 0,0.01,0.02,0,0,0,0,0.96,0,0.7,0.01,0,0,0,0.01,0,0,0.14,0.06,0.02,0,0,0,0.03,0 <AL-BS-4> <AL-BL-2> 2 2 3 2 0 1 1 0.96 0.7 2.07 1.81 2.86 2.07 0 0.79 1.02
GTEX-13FHO-0003-SM-5HJQE 10|9:0,0.02,0.04,0,0,0,0,0,0.95,0.72,0.03,0,0,0,0.01,0,0,0.09,0.04,0.03,0,0,0,0.01,0 10|9 0,0.02,0.04,0,0,0,0,0,0.95,0.72,0.03,0,0,0,0.01,0,0,0.09,0.04,0.03,0,0,0,0.01,0 <AL-BL-2> <AL-BS-5> 2 2 3 2 0 1 1 0.72 0.95 1.98 1.85 2.81 1.98 0 0.83 1.02
GTEX-117XS-0001-SM-5DWSE 1|14:0.74,0,0,0,0,0,0,0,0,0,0.22,0,0,0.96,0,0,0,0,0,0,0,0,0,0,0 1|14 0.74,0,0,0,0,0,0,0,0,0,0.22,0,0,0.96,0,0,0,0,0,0,0,0,0,0,0 <AL-AL-1> <AL-BS-other> 3 1 3 3 0 0 1 0.74 0.96 2.66 1.18 2.88 2.66 0 0.22 0.96
GTEX-Y8DK-0002-SM-4YUVY 17|12:0.01,0.01,0.02,0.15,0,0.02,0.01,0.01,0.02,0.03,0.01,0.84,0,0.3,0,0,0.54,0,0,0,0,0,0,0,0 17|12 0.01,0.01,0.02,0.15,0,0.02,0.01,0.01,0.02,0.03,0.01,0.84,0,0.3,0,0,0.54,0,0,0,0,0,0,0,0 <AL-BS-2> <AL-BL-1> 2 2 3 2 0 1 1 0.54 0.84 1.98 1.94 3.01 1.98 0 1.03 0.91
GTEX-13OVK-0001-SM-5HJQJ 7|19:0,0,0,0,0,0,0.96,0,0,0,0,0,0,0,0,0,0,0,0.96,0,0,0,0,0,0 7|19 0,0,0,0,0,0,0.96,0,0,0,0,0,0,0,0,0,0,0,0.96,0,0,0,0,0,0 <AL-BS-3> <AL> 2 1 2 2 0 0 1 0.96 0.96 1.92 0.96 1.92 1.92 0 0 0.96
GTEX-13OVL-0003-SM-5HJRX 4|6:0,0,0,0.74,0,0.89,0,0,0,0,0.02,0.15,0.02,0.01,0.02,0,0,0,0,0,0,0,0.08,0,0 4|6 0,0,0,0.74,0,0.89,0,0,0,0,0.02,0.15,0.02,0.01,0.02,0,0,0,0,0,0,0,0.08,0,0 <AL-BL-3> <AL-AL-2> 3 1 4 3 0 1 0 0.74 0.89 2.98 0.96 3.93 2.98 0 0.95 0.01
GTEX-12WSF-0002-SM-5DWRS 4|2:0,0.58,0.06,0.84,0,0.03,0,0,0,0.12,0.04,0.02,0.04,0.03,0.01,0,0,0.02,0,0,0,0.15,0,0,0 4|2 0,0.58,0.06,0.84,0,0.03,0,0,0,0.12,0.04,0.02,0.04,0.03,0.01,0,0,0.02,0,0,0,0.15,0,0,0 <AL-BL-3> <AL-BS-1> 2 2 3 2 0 1 1 0.84 0.58 2.11 1.89 3.18 2.11 0 1.07 0.82
GTEX-ZVE2-0002-SM-4YUV6 4|8:0,0,0,0.52,0,0.03,0,0.96,0,0,0.01,0.08,0.02,0.32,0.01,0,0,0,0,0,0,0,0,0,0 4|8 0,0,0,0.52,0,0.03,0,0.96,0,0,0.01,0.08,0.02,0.32,0.01,0,0,0,0,0,0,0,0,0,0 <AL-BL-3> <AL-BS-4> 2 2 3 2 0 1 1 0.52 0.96 1.99 1.92 2.63 1.99 0 0.64 1.28
GTEX-11EQ8-0001-SM-5DWSU 4|11:0,0,0,1.02,0,0.07,0,0,0,0,0.48,0.28,0.04,0.02,0.02,0,0,0,0,0,0,0,0,0,0 4|11 0,0,0,1.02,0,0.07,0,0,0,0,0.48,0.28,0.04,0.02,0.02,0,0,0,0,0,0,0,0,0,0 <AL-BL-3> <AL-BL-other> 2 2 4 2 0 2 0 1.02 0.48 2.02 1.86 3.86 2.02 0 1.84 0.02
GTEX-145MH-0001-SM-5HJR6 10|11:0,0.01,0.01,0,0,0,0,0,0,0.87,0.96,0,0,0,0.02,0,0,0.04,0.01,0.01,0,0,0,0.01,0 10|11 0,0.01,0.01,0,0,0,0,0,0,0.87,0.96,0,0,0,0.02,0,0,0.04,0.01,0.01,0,0,0,0.01,0 <AL-BL-2> <AL-BL-other> 2 2 4 2 0 2 0 0.87 0.96 1.95 1.91 3.83 1.95 0 1.88 0.03
GTEX-139T8-0004-SM-5HJPE 4|10:0,0.01,0.02,0.7,0,0.03,0,0,0,0.62,0.02,0.15,0.02,0.01,0.07,0,0,0.18,0.04,0.02,0,0,0,0.06,0 4|10 0,0.01,0.02,0.7,0,0.03,0,0,0,0.62,0.02,0.15,0.02,0.01,0.07,0,0,0.18,0.04,0.02,0,0,0,0.06,0 <AL-BL-3> <AL-BL-2> 2 2 4 2 0 2 0 0.7 0.62 2.09 1.78 3.77 2.09 0 1.68 0.1
GTEX-13FH7-0004-SM-5HJPL 4|3:0,0.01,0.94,0.96,0,0,0,0,0,0.02,0,0,0,0,0,0,0,0,0,0,0,0,0,0,0 4|3 0,0.01,0.94,0.96,0,0,0,0,0,0.02,0,0,0,0,0,0,0,0,0,0,0,0,0,0,0 <AL-BL-3> <BS> 1 2 2 1 0 1 1 0.96 0.94 0.99 1.93 1.97 0.99 0 0.98 0.95
GTEX-YF7O-0002-SM-4YUUX 4|10:0,0.01,0.02,0.48,0,0.02,0,0,0,0.75,0.02,0.02,0.43,0.01,0.01,0,0,0.09,0.04,0.05,0,0,0,0.01,0 4|10 0,0.01,0.02,0.48,0,0.02,0,0,0,0.75,0.02,0.02,0.43,0.01,0.01,0,0,0.09,0.04,0.05,0,0,0,0.01,0 <AL-BL-3> <AL-BL-2> 2 2 4 2 0 2 0 0.48 0.75 2.47 1.87 4.29 2.47 0 1.82 0.05
GTEX-11TTK-0002-SM-5DWT4 8|4:0,0,0,0.95,0,0,0,0.96,0,0,0,0,0,0,0,0,0,0,0,0.01,0,0,0,0,0 8|4 0,0,0,0.95,0,0,0,0.96,0,0,0,0,0,0,0,0,0,0,0,0.01,0,0,0,0,0 <AL-BS-4> <AL-BL-3> 2 2 3 2 0 1 1 0.96 0.95 1.92 1.93 2.89 1.92 0 0.97 0.96
GTEX-12WSE-0002-SM-5DWRT 7|19:0.03,0,0,0.03,0,0,0.96,0,0,0.01,0.26,0.01,0,0.07,0,0,0,0,0.57,0,0,0,0,0,0 7|19 0.03,0,0,0.03,0,0,0.96,0,0,0.01,0.26,0.01,0,0.07,0,0,0,0,0.57,0,0,0,0,0,0 <AL-BS-3> <AL> 2 1 2 2 0 0 1 0.96 0.57 1.97 1.34 2.28 1.97 0 0.31 1.03
GTEX-1212Z-0004-SM-5DWTI 4|10:0,0.01,0.02,0.89,0,0.02,0,0,0,0.77,0.01,0.03,0.02,0.01,0.01,0,0,0.08,0.03,0.04,0,0,0,0.01,0 4|10 0,0.01,0.02,0.89,0,0.02,0,0,0,0.77,0.01,0.03,0.02,0.01,0.01,0,0,0.08,0.03,0.04,0,0,0,0.01,0 <AL-BL-3> <AL-BL-2> 2 2 4 2 0 2 0 0.89 0.77 2.04 1.87 3.86 2.04 0 1.82 0.05
GTEX-YEC3-0004-SM-4YUXB 10|2:0,0.94,0.07,0,0,0,0,0,0,0.53,0.03,0,0,0,0.02,0,0,0.16,0.05,0.02,0,0.09,0,0.05,0 10|2 0,0.94,0.07,0,0,0,0,0,0,0.53,0.03,0,0,0,0.02,0,0,0.16,0.05,0.02,0,0.09,0,0.05,0 <AL-BL-2> <AL-BS-1> 2 2 3 2 0 1 1 0.53 0.94 2.12 1.82 2.79 2.12 0 0.67 1.15
GTEX-11ONC-0003-SM-5DWT5 11|4:0,0,0,0.76,0,0.06,0,0,0,0,0.99,0.06,0.01,0.01,0.01,0,0,0,0,0.04,0,0,0.01,0,0 11|4 0,0,0,0.76,0,0.06,0,0,0,0,0.99,0.06,0.01,0.01,0.01,0,0,0,0,0.04,0,0,0.01,0,0 <AL-BL-other> <AL-BL-3> 2 2 4 2 0 2 0 0.99 0.76 2.03 1.92 3.94 2.03 0 1.91 0.01
GTEX-ZZPT-0002-SM-5DWTU 2|3:0,0.84,0.95,0,0,0,0,0,0,0.03,0.11,0,0,0,0,0,0,0,0,0,0,0.01,0,0,0 2|3 0,0.84,0.95,0,0,0,0,0,0,0.03,0.11,0,0,0,0,0,0,0,0,0,0,0.01,0,0,0 <AL-BS-1> <BS> 1 2 1 1 0 0 2 0.84 0.95 1 1.94 1.14 1 0 0.14 1.8
GTEX-XBEC-0002-SM-4YUVW_1 8|4:0,0,0,0.95,0,0,0,0.95,0,0,0.01,0,0,0,0,0,0,0,0,0.01,0,0,0,0,0 8|4 0,0,0,0.95,0,0,0,0.95,0,0,0.01,0,0,0,0,0,0,0,0,0.01,0,0,0,0,0 <AL-BS-4> <AL-BL-3> 2 2 3 2 0 1 1 0.95 0.95 1.92 1.93 2.9 1.92 0 0.98 0.95
