sample	structure_allele_best	structure1	structure2	C4A_CN	C4B_CN	C4HERV_CN	C4AL_CN	C4AS_CN	C4BL_CN	C4BS_CN	diagnosis	study	dose1	dose2	pd_c4a	pd_c4b	pd_c4herv	pd_c4al	pd_c4as	pd_c4bl	pd_c4bs	sex	BS	AL.BS	AL.BL	AL.AL
AN00764	14|6	<AL-BS-other>	<AL-AL-2>	3	1	3	3	0	0	1	ASD	UCLA	0.96	0.59	2.66	1.28	2.92	2.66	0	0.26	1.02	M	0	1	0	1
AN00493	4|9	<AL-BL-3>	<AL-BS-5>	2	2	3	2	0	1	1	ASD	UCLA	0.45	0.42	2.1	1.77	3.01	2.1	0	0.91	0.86	M	0	1	1	0
AN01125	4|10	<AL-BL-3>	<AL-BL-2>	2	2	4	2	0	2	0	CTL	UCLA	0.5	0.65	2.16	1.83	3.85	2.16	0	1.69	0.14	M	0	0	2	0
AN10028	4|4	<AL-BL-3>	<AL-BL-3>	2	2	4	2	0	2	0	CTL	UCLA	0.635	0.635	2.29	1.67	3.91	2.29	0	1.62	0.05	M	0	0	2	0
AN17515	3|12	<BS>	<AL-BL-1>	1	2	2	1	0	1	1	ASD	UCLA	0.76	0.48	1.36	1.8	2.3	1.36	0	0.94	0.86	M	1	0	1	0
AN00544	4|11	<AL-BL-3>	<AL-BL-other>	2	2	4	2	0	2	0	CTL	UCLA	0.54	0.92	2.06	1.86	3.82	2.06	0	1.76	0.1	M	0	0	2	0
AN11931	4|8	<AL-BL-3>	<AL-BS-4>	2	2	3	2	0	1	1	ASD	UCLA	0.47	0.84	2.19	1.81	3.07	2.19	0	0.88	0.93	F	0	1	1	0
AN01410	12|4	<AL-BL-1>	<AL-BL-3>	2	2	4	2	0	2	0	CTL	UCLA	0.35	0.35	2.05	1.7	3.05	2.05	0	1	0.7	M	0	0	2	0
AN10723	10|4	<AL-BL-2>	<AL-BL-3>	2	2	4	2	0	2	0	CTL	UCLA	0.65	0.47	2.2	1.79	3.86	2.2	0	1.66	0.13	M	0	0	2	0
AN15088	3|4	<BS>	<AL-BL-3>	1	2	2	1	0	1	1	CTL	UCLA	0.41	0.53	1.71	1.84	2.77	1.71	0	1.06	0.78	F	1	0	1	0
AN11864	4|16	<AL-BL-3>	<AL-AS-BS-BS>	3	3	3	2	1	1	2	CTL	UCLA	0.58	0.45	2.63	2.21	3.18	2.18	0.45	1	1.21	M	0	0	1	0
UMB5079	3|10	<BS>	<AL-BL-2>	1	2	2	1	0	1	1	CTL	UCLA	0.93	0.66	1.11	1.83	1.98	1.11	0	0.87	0.96	M	1	0	1	0
UMB1578	8|8	<AL-BS-4>	<AL-BS-4>	2	2	2	2	0	0	2	CTL	UCLA	0.665	0.665	1.94	1.89	2.2	1.94	0	0.26	1.63	M	0	2	0	0
UMB5340	8|16	<AL-BS-4>	<AL-AS-BS-BS>	3	3	2	2	1	0	3	ASD	UCLA	0.95	0.95	2.88	2.88	1.94	1.93	0.95	0.01	2.87	M	0	1	0	0
UMB5168	4|8	<AL-BL-3>	<AL-BS-4>	2	2	3	2	0	1	1	CTL	UCLA	0.49	0.78	2.17	1.8	3.08	2.17	0	0.91	0.89	F	0	1	1	0
UMB4999	4|10	<AL-BL-3>	<AL-BL-2>	2	2	4	2	0	2	0	ASD	UCLA	0.42	0.45	2.12	1.76	3.4	2.12	0	1.28	0.48	M	0	0	2	0
AN05983	4|10	<AL-BL-3>	<AL-BL-2>	2	2	4	2	0	2	0	ASD	UCLA	0.37	0.36	2.08	1.68	3	2.08	0	0.92	0.76	M	0	0	2	0
AN19760	4|12	<AL-BL-3>	<AL-BL-1>	2	2	4	2	0	2	0	CTL	UCLA	0.34	0.34	2.04	1.7	3.02	2.04	0	0.98	0.72	M	0	0	2	0
AN04682	10|4	<AL-BL-2>	<AL-BL-3>	2	2	4	2	0	2	0	ASD	UCLA	0.44	0.43	2.12	1.77	3.41	2.12	0	1.29	0.48	M	0	0	2	0
AN04479	11|6	<AL-BL-other>	<AL-AL-2>	3	1	4	3	0	1	0	CTL	UCLA	0.48	0.7	3.28	1.18	3.95	2.8	0.48	1.15	0.03	M	0	0	1	1
AN03217	4|4	<AL-BL-3>	<AL-BL-3>	2	2	4	2	0	2	0	CTL	UCLA	0.19	0.19	2.14	1.71	3.03	2.14	0	0.89	0.82	M	0	0	2	0
AN15566	4|21	<AL-BL-3>	<AL-BS-BS>	2	3	3	2	0	1	2	CTL	UCLA	0.52	0.55	2.23	2.37	3.12	2.23	0	0.89	1.48	F	0	1	1	0
AN13295	7|4	<AL-BS-3>	<AL-BL-3>	2	2	3	2	0	1	1	CTL	UCLA	0.33	0.59	2.22	1.71	3.29	2.22	0	1.07	0.64	M	0	1	1	0
AN07444	4|4	<AL-BL-3>	<AL-BL-3>	2	2	4	2	0	2	0	CTL	UCLA	0.195	0.195	2.14	1.71	3.04	2.14	0	0.9	0.81	M	0	0	2	0
AN12457	6|6	<AL-AL-2>	<AL-AL-2>	4	0	4	4	0	0	0	ASD	UCLA	0.795	0.795	3.96	0.12	4.05	3.96	0	0.09	0.03	F	0	0	0	2
AN17254	4|4	<AL-BL-3>	<AL-BL-3>	2	2	4	2	0	2	0	ASD	UCLA	0.735	0.735	2.13	1.82	3.9	2.13	0	1.77	0.05	M	0	0	2	0
UMB5242	10|2	<AL-BL-2>	<AL-BS-1>	2	2	3	2	0	1	1	CTL	UCLA	0.62	0.53	2.2	1.88	3.27	2.2	0	1.07	0.81	M	0	1	1	0
AN12137	1|4	<AL-AL-1>	<AL-BL-3>	3	1	4	3	0	1	0	CTL	UCLA	0.86	0.42	3.13	0.96	3.94	3.12	0.01	0.82	0.14	M	0	0	1	1
AN07176	5|4	<AL-AS-BL>	<AL-BL-3>	3	2	4	2	1	2	0	CTL	UCLA	0.48	0.55	2.59	1.85	3.87	2.11	0.48	1.76	0.09	M	0	0	1	0
AN17425	4|4	<AL-BL-3>	<AL-BL-3>	2	2	4	2	0	2	0	CTL	UCLA	0.195	0.195	2.14	1.71	3.04	2.14	0	0.9	0.81	M	0	0	2	0
AN16115	14|4	<AL-BS-other>	<AL-BL-3>	2	2	3	2	0	1	1	ASD	UCLA	0.33	0.59	2.09	2.13	3.1	2.09	0	1.01	1.12	F	0	1	1	0
AN08161	6|4	<AL-AL-2>	<AL-BL-3>	3	1	4	3	0	1	0	CTL	UCLA	0.78	0.74	2.94	1.07	3.95	2.94	0	1.01	0.06	F	0	0	1	1
UMB4842	11|4	<AL-BL-other>	<AL-BL-3>	2	2	4	2	0	2	0	CTL	UCLA	0.96	0.53	2.14	1.89	3.9	2.14	0	1.76	0.13	M	0	0	2	0
AN10833	3|3	<BS>	<BS>	0	2	0	0	0	0	2	CTL	UCLA	0.93	0.93	0.06	1.87	0.07	0.06	0	0.01	1.86	M	2	0	0	0
UMB4590	4|6	<AL-BL-3>	<AL-AL-2>	3	1	4	3	0	1	0	CTL	UCLA	0.68	0.64	2.77	1.23	3.85	2.77	0	1.08	0.15	M	0	0	1	1
AN09714	4|4	<AL-BL-3>	<AL-BL-3>	2	2	4	2	0	2	0	ASD	UCLA	0.19	0.19	2.14	1.71	3.03	2.14	0	0.89	0.82	M	0	0	2	0
AN06420	4|5	<AL-BL-3>	<AL-AS-BL>	3	2	4	2	1	2	0	ASD	UCLA	0.53	0.4	2.62	1.78	3.81	2.22	0.4	1.59	0.19	M	0	0	1	0
AN03632	8|1	<AL-BS-4>	<AL-AL-1>	3	1	3	3	0	0	1	ASD	UCLA	0.7	0.72	2.78	1.21	3.06	2.78	0	0.28	0.93	F	0	1	0	1
AN08792	3|10	<BS>	<AL-BL-2>	1	2	2	1	0	1	1	ASD	UCLA	0.93	0.66	1.07	1.83	1.94	1.07	0	0.87	0.96	M	1	0	1	0
AN03935	10|10	<AL-BL-2>	<AL-BL-2>	2	2	4	2	0	2	0	ASD	UCLA	0.7	0.7	2.08	1.8	3.83	2.08	0	1.75	0.05	M	0	0	2	0
UMB5115	4|7	<AL-BL-3>	<AL-BS-3>	2	2	3	2	0	1	1	ASD	UCLA	0.36	0.52	2.13	1.8	2.89	2.12	0.01	0.77	1.03	M	0	1	1	0
AN08873	4|4	<AL-BL-3>	<AL-BL-3>	2	2	4	2	0	2	0	ASD	UCLA	0.185	0.185	2.14	1.69	3.02	2.14	0	0.88	0.81	M	0	0	2	0
UMB5163	4|14	<AL-BL-3>	<AL-BS-other>	2	2	3	2	0	1	1	CTL	UCLA	0.53	0.59	2.28	1.76	3.22	2.28	0	0.94	0.82	M	0	1	1	0
UMB5144	4|4	<AL-BL-3>	<AL-BL-3>	2	2	4	2	0	2	0	ASD	UCLA	0.185	0.185	2.07	1.69	2.96	2.07	0	0.89	0.8	M	0	0	2	0
AN16641	10|10	<AL-BL-2>	<AL-BL-2>	2	2	4	2	0	2	0	ASD	UCLA	0.64	0.64	2.3	1.58	3.79	2.3	0	1.49	0.09	M	0	0	2	0
Br1034	7|3	<AL-BS-3>	<BS>	1	2	1	1	0	0	2	CTL	Bipseq1M	0.96	0.95	0.97	1.91	0.97	0.97	0	0	1.91	M	1	1	0	0
Br1092	2|5	<AL-BS-1>	<AL-AS-BL>	3	2	3	2	1	1	1	CTL	Bipseq1M	0.59	0.93	3.1	1.92	3.25	2.17	0.93	1.08	0.84	M	0	1	0	0
Br1109	4|1	<AL-BL-3>	<AL-AL-1>	3	1	4	3	0	1	0	CTL	Bipseq1M	0.75	0.91	2.91	1	3.88	2.91	0	0.97	0.03	F	0	0	1	1
Br1197	3|14	<BS>	<AL-BS-other>	1	2	1	1	0	0	2	BD	Bipseq1M	0.95	0.96	0.97	1.91	0.97	0.97	0	0	1.91	M	1	1	0	0
Br1204	11|11	<AL-BL-other>	<AL-BL-other>	2	2	4	2	0	2	0	CTL	Bipseq1M	0.615	0.615	2.25	1.8	3.74	2.17	0.08	1.57	0.23	M	0	0	2	0
Br1214	4|11	<AL-BL-3>	<AL-BL-other>	2	2	4	2	0	2	0	CTL	Bipseq1M	0.66	0.52	2.51	1.84	3.87	2.05	0.46	1.82	0.02	M	0	0	2	0
Br1271	3|7	<BS>	<AL-BS-3>	1	2	1	1	0	0	2	CTL	Bipseq1M	0.95	0.96	0.98	1.91	0.98	0.98	0	0	1.91	M	1	1	0	0
Br1279	3|11	<BS>	<AL-BL-other>	1	2	2	1	0	1	1	CTL	Bipseq1M	0.95	0.95	0.97	1.91	1.93	0.97	0	0.96	0.95	M	1	0	1	0
Br1304	4|10	<AL-BL-3>	<AL-BL-2>	2	2	4	2	0	2	0	CTL	Bipseq1M	0.2	0.76	2.24	1.63	3.42	2.24	0	1.18	0.45	M	0	0	2	0
Br1327	2|4	<AL-BS-1>	<AL-BL-3>	2	2	3	2	0	1	1	BD	Bipseq1M	0.66	0.92	1.94	1.91	3.18	1.94	0	1.24	0.67	M	0	1	1	0
Br1350	9|14	<AL-BS-5>	<AL-BS-other>	2	2	2	2	0	0	2	CTL	Bipseq1M	1.08	0.5	2	1.92	2.12	2	0	0.12	1.8	M	0	2	0	0
Br1356	17|4	<AL-BS-2>	<AL-BL-3>	2	2	3	2	0	1	1	CTL	Bipseq1M	0.38	0.79	2.16	1.74	3.32	2.16	0	1.16	0.58	M	0	1	1	0
Br1389	10|4	<AL-BL-2>	<AL-BL-3>	2	2	4	2	0	2	0	CTL	Bipseq1M	0.78	0.63	1.97	1.87	3.82	1.97	0	1.85	0.02	M	0	0	2	0
Br1404	9|11	<AL-BS-5>	<AL-BL-other>	2	2	3	2	0	1	1	BD	Bipseq1M	0.83	0.97	1.95	1.92	3.01	1.95	0	1.06	0.86	M	0	1	1	0
Br1414	3|4	<BS>	<AL-BL-3>	1	2	2	1	0	1	1	BD	Bipseq1M	0.95	0.51	1.14	1.87	1.98	1.14	0	0.84	1.03	M	1	0	1	0
Br1430	9|4	<AL-BS-5>	<AL-BL-3>	2	2	3	2	0	1	1	BD	Bipseq1M	0.96	0.66	2.07	1.89	2.96	2.07	0	0.89	1	F	0	1	1	0
Br1432	1|10	<AL-AL-1>	<AL-BL-2>	3	1	4	3	0	1	0	CTL	Bipseq1M	0.95	0.61	3.14	0.7	3.82	3.14	0	0.68	0.02	M	0	0	1	1
Br1437	11|10	<AL-BL-other>	<AL-BL-2>	2	2	4	2	0	2	0	BD	Bipseq1M	0.74	0.78	2.08	1.9	3.82	2.08	0	1.74	0.16	M	0	0	2	0
Br1458	4|3	<AL-BL-3>	<BS>	1	2	2	1	0	1	1	CTL	Bipseq1M	0.7	0.95	1.12	1.84	1.99	1.12	0	0.87	0.97	M	1	0	1	0
Br1532	4|10	<AL-BL-3>	<AL-BL-2>	2	2	4	2	0	2	0	CTL	Bipseq1M	0.69	0.66	2.17	1.81	3.93	2.17	0	1.76	0.05	M	0	0	2	0
Br1554	8|10	<AL-BS-4>	<AL-BL-2>	2	2	3	2	0	1	1	BD	Bipseq1M	0.96	0.67	1.96	1.97	2.96	1.96	0	1	0.97	F	0	1	1	0
Br1562	14|16	<AL-BS-other>	<AL-AS-BS-BS>	3	3	2	2	1	0	3	BD	Bipseq1M	0.99	0.88	2.82	2.83	1.98	1.94	0.88	0.04	2.79	M	0	1	0	0
Br1651	10|8	<AL-BL-2>	<AL-BS-4>	2	2	3	2	0	1	1	BD	Bipseq1M	0.62	0.96	2.15	1.74	2.89	2.15	0	0.74	1	F	0	1	1	0
Br1677	4|9	<AL-BL-3>	<AL-BS-5>	2	2	3	2	0	1	1	BD	Bipseq1M	0.96	0.41	1.98	1.89	3.05	1.98	0	1.07	0.82	M	0	1	1	0
Br1713	12|4	<AL-BL-1>	<AL-BL-3>	2	2	4	2	0	2	0	BD	Bipseq1M	0.75	0.98	2.02	1.89	3.87	2.02	0	1.85	0.04	M	0	0	2	0
Br1734	12|4	<AL-BL-1>	<AL-BL-3>	2	2	4	2	0	2	0	BD	Bipseq1M	0.75	0.77	2.19	1.76	3.91	2.19	0	1.72	0.04	M	0	0	2	0
Br1735	7|3	<AL-BS-3>	<BS>	1	2	1	1	0	0	2	CTL	Bipseq1M	0.82	0.95	1.06	1.95	1.09	1.03	0.03	0.06	1.89	M	1	1	0	0
Br1749	4|14	<AL-BL-3>	<AL-BS-other>	2	2	3	2	0	1	1	BD	Bipseq1M	0.9	0.43	2.28	1.87	3.64	2.28	0	1.36	0.51	F	0	1	1	0
Br1750	17|3	<AL-BS-2>	<BS>	1	2	1	1	0	0	2	CTL	Bipseq1M	0.95	0.95	0.97	1.91	0.97	0.97	0	0	1.91	M	1	1	0	0
Br1753	8|2	<AL-BS-4>	<AL-BS-1>	2	2	2	2	0	0	2	CTL	Bipseq1M	0.92	0.95	1.96	1.94	2.01	1.96	0	0.05	1.89	F	0	2	0	0
Br1761	17|4	<AL-BS-2>	<AL-BL-3>	2	2	3	2	0	1	1	CTL	Bipseq1M	0.77	0.62	2.14	1.82	3.06	2.14	0	0.92	0.9	M	0	1	1	0
Br1821	12|4	<AL-BL-1>	<AL-BL-3>	2	2	4	2	0	2	0	BD	Bipseq1M	0.95	0.76	2.03	1.85	3.85	2.03	0	1.82	0.03	M	0	0	2	0
Br1890	10|16	<AL-BL-2>	<AL-AS-BS-BS>	3	3	3	2	1	1	2	CTL	Bipseq1M	0.78	0.95	2.93	2.91	2.97	1.98	0.95	0.99	1.92	M	0	0	1	0
Br1896	10|4	<AL-BL-2>	<AL-BL-3>	2	2	4	2	0	2	0	BD	Bipseq1M	0.53	0.52	2.41	1.58	3.81	2.41	0	1.4	0.18	M	0	0	2	0
Br1901	4|10	<AL-BL-3>	<AL-BL-2>	2	2	4	2	0	2	0	BD	Bipseq1M	0.5	0.66	2.33	1.6	3.87	2.33	0	1.54	0.06	M	0	0	2	0
Br1931	10|1	<AL-BL-2>	<AL-AL-1>	3	1	4	3	0	1	0	BD	Bipseq1M	0.29	1.03	3.19	0.75	3.72	3.17	0.02	0.55	0.2	M	0	0	1	1
Br1936	14|14	<AL-BS-other>	<AL-BS-other>	2	2	2	2	0	0	2	CTL	Bipseq1M	0.565	0.565	1.78	1.92	2.04	1.78	0	0.26	1.66	M	0	2	0	0
Br1947	4|10	<AL-BL-3>	<AL-BL-2>	2	2	4	2	0	2	0	BD	Bipseq1M	0.93	0.66	2.15	1.75	3.87	2.15	0	1.72	0.03	F	0	0	2	0
Br1980	10|10	<AL-BL-2>	<AL-BL-2>	2	2	4	2	0	2	0	CTL	Bipseq1M	0.76	0.76	2	1.93	3.92	2	0	1.92	0.01	M	0	0	2	0
Br1992	17|8	<AL-BS-2>	<AL-BS-4>	2	2	2	2	0	0	2	BD	Bipseq1M	0.9	0.96	1.96	1.95	2.01	1.96	0	0.05	1.9	M	0	2	0	0
Br1995	4|4	<AL-BL-3>	<AL-BL-3>	2	2	4	2	0	2	0	CTL	Bipseq1M	0.515	0.515	2.4	1.72	4.04	2.39	0.01	1.65	0.07	M	0	0	2	0
Br1998	12|4	<AL-BL-1>	<AL-BL-3>	2	2	4	2	0	2	0	CTL	Bipseq1M	0.91	0.97	1.94	1.9	3.82	1.94	0	1.88	0.02	F	0	0	2	0
Br2005	4|4	<AL-BL-3>	<AL-BL-3>	2	2	4	2	0	2	0	CTL	Bipseq1M	0.395	0.395	2.16	1.74	3.15	2.16	0	0.99	0.75	M	0	0	2	0
Br2015	4|12	<AL-BL-3>	<AL-BL-1>	2	2	4	2	0	2	0	CTL	Bipseq1M	0.67	0.96	2.15	1.77	3.89	2.15	0	1.74	0.03	M	0	0	2	0
Br2044	12|16	<AL-BL-1>	<AL-AS-BS-BS>	3	3	3	2	1	1	2	CTL	Bipseq1M	0.57	0.95	3.01	2.83	2.93	2.06	0.95	0.87	1.96	M	0	0	1	0
Br2063	3|4	<BS>	<AL-BL-3>	1	2	2	1	0	1	1	CTL	Bipseq1M	0.95	0.87	1.02	1.92	1.99	1.02	0	0.97	0.95	M	1	0	1	0
Br2083	1|4	<AL-AL-1>	<AL-BL-3>	3	1	4	3	0	1	0	BD	Bipseq1M	0.42	0.33	2.53	1.35	3.43	2.53	0	0.9	0.45	F	0	0	1	1
Br2269	10|7	<AL-BL-2>	<AL-BS-3>	2	2	3	2	0	1	1	BD	Bipseq1M	0.77	0.96	1.98	1.95	2.97	1.98	0	0.99	0.96	M	0	1	1	0
Br2285	10|4	<AL-BL-2>	<AL-BL-3>	2	2	4	2	0	2	0	CTL	Bipseq1M	0.64	0.87	2.18	1.73	3.88	2.18	0	1.7	0.03	M	0	0	2	0
Br2288	10|8	<AL-BL-2>	<AL-BS-4>	2	2	3	2	0	1	1	CTL	Bipseq1M	0.68	0.95	1.96	1.94	2.94	1.96	0	0.98	0.96	M	0	1	1	0
Br922	4|8	<AL-BL-3>	<AL-BS-4>	2	2	3	2	0	1	1	CTL	Bipseq1M	0.69	0.73	2.05	1.82	3.08	2.05	0	1.03	0.79	M	0	1	1	0
Br2294	10|9	<AL-BL-2>	<AL-BS-5>	2	2	3	2	0	1	1	BD	Bipseq2pt5M	0.52	0.38	2.08	1.75	3.09	2.08	0	1.01	0.74	M	0	1	1	0
Br2309	10|10	<AL-BL-2>	<AL-BL-2>	2	2	4	2	0	2	0	BD	Bipseq2pt5M	0.665	0.665	2.27	1.64	3.87	2.27	0	1.6	0.04	M	0	0	2	0
Br2078	4|4	<AL-BL-3>	<AL-BL-3>	2	2	4	2	0	2	0	BD	Bipseq2pt5M	0.595	0.595	2.03	1.73	3.74	2.03	0	1.71	0.02	F	0	0	2	0
Br2297	6|8	<AL-AL-2>	<AL-BS-4>	3	1	3	3	0	0	1	BD	Bipseq2pt5M	0.63	0.84	2.73	1.26	3.04	2.73	0	0.31	0.95	M	0	1	0	1
Br2477	4|4	<AL-BL-3>	<AL-BL-3>	2	2	4	2	0	2	0	BD	Bipseq2pt5M	0.695	0.695	2.04	1.91	3.91	2.04	0	1.87	0.04	F	0	0	2	0
Br2534	9|8	<AL-BS-5>	<AL-BS-4>	2	2	2	2	0	0	2	CTL	Bipseq5M	0.89	0.9	1.93	1.91	1.99	1.93	0	0.06	1.85	M	0	2	0	0
Br2542	4|4	<AL-BL-3>	<AL-BL-3>	2	2	4	2	0	2	0	CTL	Bipseq5M	0.69	0.69	2.2	1.74	3.92	2.2	0	1.72	0.02	M	0	0	2	0
Br2557	10|17	<AL-BL-2>	<AL-BS-2>	2	2	3	2	0	1	1	CTL	Bipseq5M	0.4	0.68	2.09	1.84	2.89	2.09	0	0.8	1.04	M	0	1	1	0
Br2573	17|3	<AL-BS-2>	<BS>	1	2	1	1	0	0	2	CTL	Bipseq5M	0.98	0.43	1.65	1.89	1.92	1.65	0	0.27	1.62	M	1	1	0	0
Br2371	4|4	<AL-BL-3>	<AL-BL-3>	2	2	4	2	0	2	0	CTL	Bipseq5M	0.22	0.22	2.23	1.61	3.27	2.23	0	1.04	0.57	M	0	0	2	0
Br2521	11|11	<AL-BL-other>	<AL-BL-other>	2	2	4	2	0	2	0	CTL	Bipseq5M	0.735	0.735	1.99	1.88	3.76	1.99	0	1.77	0.11	M	0	0	2	0
Br2582	11|4	<AL-BL-other>	<AL-BL-3>	2	2	4	2	0	2	0	CTL	Bipseq5M	0.93	0.2	2.06	1.82	3.44	2.06	0	1.38	0.44	M	0	0	2	0
Br1550	17|3	<AL-BS-2>	<BS>	1	2	1	1	0	0	2	CTL	Bipseq650	0.96	0.95	0.97	1.91	0.97	0.97	0	0	1.91	M	1	1	0	0
Br1568	11|1	<AL-BL-other>	<AL-AL-1>	3	1	4	3	0	1	0	CTL	Bipseq650	0.98	0.94	2.86	0.98	3.84	2.86	0	0.98	0	M	0	0	1	1
Br1581	3|12	<BS>	<AL-BL-1>	1	2	2	1	0	1	1	CTL	Bipseq650	0.94	0.82	1.01	1.89	1.96	1.01	0	0.95	0.94	M	1	0	1	0
Br1706	3|4	<BS>	<AL-BL-3>	1	2	2	1	0	1	1	CTL	Bipseq650	0.95	0.95	0.97	1.91	1.93	0.97	0	0.96	0.95	M	1	0	1	0
Br1033	4|10	<AL-BL-3>	<AL-BL-2>	2	2	4	2	0	2	0	CTL	Bipseq650	0.77	0.64	1.99	1.75	3.72	1.99	0	1.73	0.02	F	0	0	2	0
Br1288	3|12	<BS>	<AL-BL-1>	1	2	2	1	0	1	1	CTL	Bipseq650	0.95	0.83	1.03	1.92	1.99	1.03	0	0.96	0.96	M	1	0	1	0
Br1378	10|4	<AL-BL-2>	<AL-BL-3>	2	2	4	2	0	2	0	CTL	Bipseq650	0.73	0.93	1.95	1.95	3.88	1.95	0	1.93	0.02	M	0	0	2	0
Br1613	4|3	<AL-BL-3>	<BS>	1	2	2	1	0	1	1	CTL	Bipseq650	0.79	0.94	1.03	1.91	2	1.03	0	0.97	0.94	M	1	0	1	0
Br1695	21|4	<AL-BS-BS>	<AL-BL-3>	2	3	3	2	0	1	2	CTL	Bipseq650	0.56	0.64	2.03	2.5	2.99	2.03	0	0.96	1.54	M	0	1	1	0
Br1351	4|6	<AL-BL-3>	<AL-AL-2>	3	1	4	3	0	1	0	CTL	Bipseq650	0.88	0.72	2.81	1.18	3.87	2.81	0	1.06	0.12	M	0	0	1	1
Br1443	10|4	<AL-BL-2>	<AL-BL-3>	2	2	4	2	0	2	0	CTL	Bipseq650	0.55	0.71	2.31	1.58	3.73	2.31	0	1.42	0.16	M	0	0	2	0
Br1469	4|8	<AL-BL-3>	<AL-BS-4>	2	2	3	2	0	1	1	CTL	Bipseq650	0.87	0.96	1.94	1.92	2.84	1.94	0	0.9	1.02	M	0	1	1	0
Br1474	4|19	<AL-BL-3>	<AL>	2	1	3	2	0	1	0	CTL	Bipseq650	0.8	0.96	1.97	0.97	2.94	1.97	0	0.97	0	F	0	0	1	0
Br1518	1|6	<AL-AL-1>	<AL-AL-2>	4	0	4	4	0	0	0	CTL	Bipseq650	0.95	0.81	3.89	0.07	3.94	3.89	0	0.05	0.02	M	0	0	0	2
Br1463	11|4	<AL-BL-other>	<AL-BL-3>	2	2	4	2	0	2	0	CTL	Bipseq650	1	0.41	2.06	1.86	3.64	2.06	0	1.58	0.28	M	0	0	2	0
CMC_MSSM_059	8|3	<AL-BS-4>	<BS>	1	2	1	1	0	0	2	SCZ	CMC	0.45	0.95	1.01	1.87	1.47	1.01	0	0.46	1.41	M	1	1	0	0
CMC_MSSM_192	4|7	<AL-BL-3>	<AL-BS-3>	2	2	3	2	0	1	1	SCZ	CMC	0.73	0.96	2.09	1.9	2.98	2.09	0	0.89	1.01	M	0	1	1	0
CMC_MSSM_379	4|4	<AL-BL-3>	<AL-BL-3>	2	2	4	2	0	2	0	SCZ	CMC	0.59	0.59	2.29	1.75	3.98	2.29	0	1.69	0.06	M	0	0	2	0
CMC_MSSM_136	4|11	<AL-BL-3>	<AL-BL-other>	2	2	4	2	0	2	0	CTL	CMC	0.76	1	2.01	1.92	3.91	2.01	0	1.9	0.02	M	0	0	2	0
CMC_MSSM_407	3|4	<BS>	<AL-BL-3>	1	2	2	1	0	1	1	CTL	CMC	0.94	0.65	0.89	1.88	1.83	0.89	0	0.94	0.94	F	1	0	1	0
CMC_MSSM_247	9|10	<AL-BS-5>	<AL-BL-2>	2	2	3	2	0	1	1	CTL	CMC	0.64	0.8	1.93	1.9	2.88	1.93	0	0.95	0.95	M	0	1	1	0
CMC_MSSM_081	4|9	<AL-BL-3>	<AL-BS-5>	2	2	3	2	0	1	1	CTL	CMC	0.72	0.88	2.02	1.91	3.01	2.02	0	0.99	0.92	F	0	1	1	0
CMC_MSSM_203	4|4	<AL-BL-3>	<AL-BL-3>	2	2	4	2	0	2	0	CTL	CMC	0.405	0.405	2.33	1.71	3.69	2.33	0	1.36	0.35	M	0	0	2	0
CMC_MSSM_336	4|19	<AL-BL-3>	<AL>	2	1	3	2	0	1	0	SCZ	CMC	0.71	0.96	2.07	0.89	2.94	2.07	0	0.87	0.02	F	0	0	1	0
CMC_MSSM_370	11|9	<AL-BL-other>	<AL-BS-5>	2	2	3	2	0	1	1	SCZ	CMC	0.96	0.96	1.92	1.92	2.88	1.92	0	0.96	0.96	F	0	1	1	0
CMC_MSSM_382	7|7	<AL-BS-3>	<AL-BS-3>	2	2	2	2	0	0	2	SCZ	CMC	0.955	0.955	1.91	1.91	1.91	1.91	0	0	1.91	M	0	2	0	0
CMC_MSSM_092	12|8	<AL-BL-1>	<AL-BS-4>	2	2	3	2	0	1	1	CTL	CMC	0.92	0.46	1.96	1.9	3.37	1.96	0	1.41	0.49	F	0	1	1	0
CMC_MSSM_347	8|4	<AL-BS-4>	<AL-BL-3>	2	2	3	2	0	1	1	SCZ	CMC	0.46	0.41	2.07	1.8	3.05	2.07	0	0.98	0.82	M	0	1	1	0
CMC_MSSM_383	5|4	<AL-AS-BL>	<AL-BL-3>	3	2	4	2	1	2	0	CTL	CMC	0.94	0.62	3.04	1.82	3.89	2.1	0.94	1.79	0.03	F	0	0	1	0
CMC_MSSM_372	6|21	<AL-AL-2>	<AL-BS-BS>	3	2	3	3	0	0	2	SCZ	CMC	0.7	0.65	3.05	1.67	3.1	3.05	0	0.05	1.62	M	0	1	0	1
CMC_MSSM_384	17|14	<AL-BS-2>	<AL-BS-other>	2	2	2	2	0	0	2	CTL	CMC	0.99	0.19	2	1.82	2.36	2	0	0.36	1.46	F	0	2	0	0
CMC_MSSM_410	13|10	<AL-AL-BL>	<AL-BL-2>	3	2	5	3	0	2	0	CTL	CMC	0.68	0.59	2.85	1.75	4.51	2.85	0	1.66	0.09	M	0	0	1	1
CMC_MSSM_360	12|10	<AL-BL-1>	<AL-BL-2>	2	2	4	2	0	2	0	SCZ	CMC	0.9	0.67	2.17	1.72	3.86	2.17	0	1.69	0.03	F	0	0	2	0
CMC_MSSM_373	2|19	<AL-BS-1>	<AL>	2	1	2	2	0	0	1	SCZ	CMC	0.74	0.96	1.92	0.96	2.14	1.92	0	0.22	0.74	M	0	1	0	0
CMC_MSSM_385	4|4	<AL-BL-3>	<AL-BL-3>	2	2	4	2	0	2	0	SCZ	CMC	0.33	0.33	2.17	1.73	3.39	2.17	0	1.22	0.51	M	0	0	2	0
CMC_MSSM_391	3|10	<BS>	<AL-BL-2>	1	2	2	1	0	1	1	CTL	CMC	0.95	0.59	1.17	1.76	1.9	1.17	0	0.73	1.03	M	1	0	1	0
CMC_MSSM_361	11|8	<AL-BL-other>	<AL-BS-4>	2	2	3	2	0	1	1	SCZ	CMC	0.96	0.95	1.91	1.91	2.87	1.91	0	0.96	0.95	M	0	1	1	0
CMC_MSSM_386	4|4	<AL-BL-3>	<AL-BL-3>	2	2	4	2	0	2	0	SCZ	CMC	0.48	0.48	2.25	1.74	3.94	2.25	0	1.69	0.05	M	0	0	2	0
CMC_MSSM_402	4|4	<AL-BL-3>	<AL-BL-3>	2	2	4	2	0	2	0	CTL	CMC	0.69	0.69	2.01	1.89	3.59	2.01	0	1.58	0.31	M	0	0	2	0
CMC_MSSM_362	13|10	<AL-AL-BL>	<AL-BL-2>	3	2	5	3	0	2	0	SCZ	CMC	0.52	0.77	2.61	1.9	4.49	2.61	0	1.88	0.02	M	0	0	1	1
CMC_MSSM_387	10|8	<AL-BL-2>	<AL-BS-4>	2	2	3	2	0	1	1	SCZ	CMC	0.76	0.96	2	1.92	2.96	2	0	0.96	0.96	M	0	1	1	0
CMC_MSSM_413	4|21	<AL-BL-3>	<AL-BS-BS>	2	3	3	2	0	1	2	CTL	CMC	0.66	0.65	1.84	2.56	2.79	1.84	0	0.95	1.61	M	0	1	1	0
CMC_MSSM_270	14|2	<AL-BS-other>	<AL-BS-1>	2	2	2	2	0	0	2	CTL	CMC	0.19	0.94	2.03	1.83	2.43	2.03	0	0.4	1.43	F	0	2	0	0
CMC_MSSM_363	9|4	<AL-BS-5>	<AL-BL-3>	2	2	3	2	0	1	1	SCZ	CMC	0.95	0.73	2.01	1.92	2.94	2.01	0	0.93	0.99	F	0	1	1	0
CMC_MSSM_388	2|17	<AL-BS-1>	<AL-BS-2>	2	2	2	2	0	0	2	SCZ	CMC	0.33	0.96	2.03	1.96	2.28	1.99	0.04	0.29	1.67	F	0	2	0	0
CMC_MSSM_415	14|4	<AL-BS-other>	<AL-BL-3>	2	2	3	2	0	1	1	SCZ	CMC	0.97	0.64	2.18	1.81	3.02	2.18	0	0.84	0.97	M	0	1	1	0
CMC_MSSM_364	10|2	<AL-BL-2>	<AL-BS-1>	2	2	3	2	0	1	1	SCZ	CMC	0.83	0.94	2	1.92	2.97	2	0	0.97	0.95	M	0	1	1	0
CMC_MSSM_376	4|4	<AL-BL-3>	<AL-BL-3>	2	2	4	2	0	2	0	CTL	CMC	0.71	0.71	2.17	1.77	3.88	2.17	0	1.71	0.06	F	0	0	2	0
CMC_MSSM_292	4|9	<AL-BL-3>	<AL-BS-5>	2	2	3	2	0	1	1	CTL	CMC	0.59	0.96	2	1.9	2.74	2	0	0.74	1.16	F	0	1	1	0
CMC_MSSM_365	4|4	<AL-BL-3>	<AL-BL-3>	2	2	4	2	0	2	0	CTL	CMC	0.77	0.77	2.07	1.88	3.92	2.07	0	1.85	0.03	F	0	0	2	0
CMC_MSSM_377	14|4	<AL-BS-other>	<AL-BL-3>	2	2	3	2	0	1	1	SCZ	CMC	0.99	0.58	2.14	1.8	2.95	2.14	0	0.81	0.99	M	0	1	1	0
CMC_MSSM_404	4|11	<AL-BL-3>	<AL-BL-other>	2	2	4	2	0	2	0	SCZ	CMC	0.75	0.52	2.12	1.8	3.88	2.12	0	1.76	0.04	M	0	0	2	0
CMC_MSSM_048	4|4	<AL-BL-3>	<AL-BL-3>	2	2	4	2	0	2	0	SCZ	CMC	0.8	0.8	2.06	1.88	3.93	2.06	0	1.87	0.01	M	0	0	2	0
CMC_MSSM_366	13|4	<AL-AL-BL>	<AL-BL-3>	3	2	5	3	0	2	0	SCZ	CMC	0.87	0.88	2.89	1.86	4.72	2.89	0	1.83	0.03	M	0	0	1	1
CMC_MSSM_419	4|8	<AL-BL-3>	<AL-BS-4>	2	2	3	2	0	1	1	CTL	CMC	0.74	0.96	2	1.91	2.94	2	0	0.94	0.97	F	0	1	1	0
CMC_MSSM_047	4|12	<AL-BL-3>	<AL-BL-1>	2	2	4	2	0	2	0	CTL	CMC	0.77	0.41	2.24	1.7	3.74	2.24	0	1.5	0.2	F	0	0	2	0
CMC_MSSM_073	3|4	<BS>	<AL-BL-3>	1	2	2	1	0	1	1	CTL	CMC	1.02	0.19	1.17	1.81	1.6	1.14	0.03	0.46	1.35	F	1	0	1	0
CMC_MSSM_111	3|7	<BS>	<AL-BS-3>	1	2	1	1	0	0	2	SCZ	CMC	0.94	0.96	0.98	1.9	0.98	0.98	0	0	1.9	M	1	1	0	0
CMC_MSSM_420	13|19	<AL-AL-BL>	<AL>	3	1	4	3	0	1	0	SCZ	CMC	0.6	0.9	2.57	1.02	3.55	2.57	0	0.98	0.04	M	0	0	0	1
CMC_MSSM_035	3|8	<BS>	<AL-BS-4>	1	2	1	1	0	0	2	CTL	CMC	0.95	0.96	0.97	1.91	0.97	0.97	0	0	1.91	M	1	1	0	0
CMC_MSSM_049	16|8	<AL-AS-BS-BS>	<AL-BS-4>	3	3	2	2	1	0	3	CTL	CMC	0.91	0.96	2.86	2.85	1.99	1.95	0.91	0.04	2.81	F	0	1	0	0
CMC_MSSM_074	3|17	<BS>	<AL-BS-2>	1	2	1	1	0	0	2	CTL	CMC	0.95	0.94	0.97	1.91	0.97	0.97	0	0	1.91	F	1	1	0	0
CMC_MSSM_036	4|13	<AL-BL-3>	<AL-AL-BL>	3	2	5	3	0	2	0	CTL	CMC	0.86	0.88	2.93	1.86	4.77	2.93	0	1.84	0.02	F	0	0	1	1
CMC_MSSM_062	4|10	<AL-BL-3>	<AL-BL-2>	2	2	4	2	0	2	0	SCZ	CMC	0.92	0.75	1.97	1.95	3.9	1.97	0	1.93	0.02	M	0	0	2	0
CMC_MSSM_100	4|8	<AL-BL-3>	<AL-BS-4>	2	2	3	2	0	1	1	CTL	CMC	0.66	0.96	2.14	1.77	2.94	2.14	0	0.8	0.97	M	0	1	1	0
CMC_MSSM_113	4|4	<AL-BL-3>	<AL-BL-3>	2	2	4	2	0	2	0	SCZ	CMC	0.645	0.645	2	1.87	3.8	2	0	1.8	0.07	M	0	0	2	0
CMC_MSSM_422	12|13	<AL-BL-1>	<AL-AL-BL>	3	2	5	3	0	2	0	SCZ	CMC	0.92	0.86	2.81	1.89	4.7	2.81	0	1.89	0	M	0	0	1	1
CMC_MSSM_101	11|7	<AL-BL-other>	<AL-BS-3>	2	2	3	2	0	1	1	CTL	CMC	0.95	0.96	1.92	1.92	2.88	1.92	0	0.96	0.96	F	0	1	1	0
CMC_MSSM_115	4|14	<AL-BL-3>	<AL-BS-other>	2	2	3	2	0	1	1	SCZ	CMC	0.91	0.19	2.08	1.81	3.37	2.08	0	1.29	0.52	F	0	1	1	0
CMC_MSSM_039	4|10	<AL-BL-3>	<AL-BL-2>	2	2	4	2	0	2	0	CTL	CMC	0.76	0.65	2.28	1.64	3.88	2.28	0	1.6	0.04	F	0	0	2	0
CMC_MSSM_064	4|14	<AL-BL-3>	<AL-BS-other>	2	2	3	2	0	1	1	CTL	CMC	0.72	0.89	2.12	1.97	3.01	2.12	0	0.89	1.08	M	0	1	1	0
CMC_MSSM_090	9|7	<AL-BS-5>	<AL-BS-3>	2	2	2	2	0	0	2	CTL	CMC	0.95	0.81	1.97	1.97	2.01	1.95	0.02	0.06	1.91	M	0	2	0	0
CMC_MSSM_116	4|11	<AL-BL-3>	<AL-BL-other>	2	2	4	2	0	2	0	SCZ	CMC	0.95	0.95	1.93	1.91	3.84	1.93	0	1.91	0	F	0	0	2	0
CMC_MSSM_027	4|8	<AL-BL-3>	<AL-BS-4>	2	2	3	2	0	1	1	SCZ	CMC	0.2	1.04	2.05	1.85	2.54	2.05	0	0.49	1.36	M	0	1	1	0
CMC_MSSM_040	8|4	<AL-BS-4>	<AL-BL-3>	2	2	3	2	0	1	1	CTL	CMC	0.96	0.48	2.16	1.76	2.94	2.16	0	0.78	0.98	M	0	1	1	0
CMC_MSSM_053	4|10	<AL-BL-3>	<AL-BL-2>	2	2	4	2	0	2	0	CTL	CMC	0.85	0.67	2.26	1.7	3.92	2.26	0	1.66	0.04	M	0	0	2	0
CMC_MSSM_117	21|11	<AL-BS-BS>	<AL-BL-other>	2	3	3	2	0	1	2	CTL	CMC	0.7	0.96	1.92	2.62	2.88	1.92	0	0.96	1.66	M	0	1	1	0
CMC_MSSM_028	11|4	<AL-BL-other>	<AL-BL-3>	2	2	4	2	0	2	0	SCZ	CMC	0.86	0.64	2.1	1.82	3.85	2.1	0	1.75	0.07	F	0	0	2	0
CMC_MSSM_079	4|4	<AL-BL-3>	<AL-BL-3>	2	2	4	2	0	2	0	CTL	CMC	0.475	0.475	2.42	1.57	3.76	2.4	0.02	1.36	0.21	F	0	0	2	0
CMC_MSSM_105	2|3	<AL-BS-1>	<BS>	1	2	1	1	0	0	2	CTL	CMC	0.94	0.95	0.98	1.91	0.99	0.98	0	0.01	1.9	F	1	1	0	0
CMC_MSSM_042	10|6	<AL-BL-2>	<AL-AL-2>	3	1	4	3	0	1	0	SCZ	CMC	0.67	0.67	3.32	0.83	4.1	3.32	0	0.78	0.05	M	0	0	1	1
CMC_MSSM_055	8|3	<AL-BS-4>	<BS>	1	2	1	1	0	0	2	CTL	CMC	0.96	0.95	0.97	1.91	0.97	0.97	0	0	1.91	M	1	1	0	0
CMC_MSSM_094	19|2	<AL>	<AL-BS-1>	2	1	2	2	0	0	1	CTL	CMC	0.84	0.53	1.93	1.08	2.47	1.93	0	0.54	0.54	F	0	1	0	0
CMC_MSSM_106	4|4	<AL-BL-3>	<AL-BL-3>	2	2	4	2	0	2	0	CTL	CMC	0.705	0.705	1.87	1.87	3.72	1.87	0	1.85	0.02	F	0	0	2	0
CMC_MSSM_121	17|4	<AL-BS-2>	<AL-BL-3>	2	2	3	2	0	1	1	CTL	CMC	0.93	0.93	1.95	1.91	2.9	1.95	0	0.95	0.96	M	0	1	1	0
CMC_MSSM_045	4|4	<AL-BL-3>	<AL-BL-3>	2	2	4	2	0	2	0	CTL	CMC	0.54	0.54	2.27	1.69	3.89	2.26	0.01	1.63	0.06	M	0	0	2	0
CMC_MSSM_084	3|9	<BS>	<AL-BS-5>	1	2	1	1	0	0	2	CTL	CMC	1.13	0.77	0.78	1.9	0.78	0.78	0	0	1.9	M	1	1	0	0
CMC_MSSM_097	10|8	<AL-BL-2>	<AL-BS-4>	2	2	3	2	0	1	1	SCZ	CMC	0.66	0.96	2.1	1.78	2.9	2.1	0	0.8	0.98	M	0	1	1	0
CMC_MSSM_122	11|8	<AL-BL-other>	<AL-BS-4>	2	2	3	2	0	1	1	CTL	CMC	0.96	0.95	1.91	1.91	2.87	1.91	0	0.96	0.95	M	0	1	1	0
CMC_MSSM_072	8|4	<AL-BS-4>	<AL-BL-3>	2	2	3	2	0	1	1	CTL	CMC	0.96	0.77	1.99	1.89	2.88	1.99	0	0.89	1	F	0	1	1	0
CMC_MSSM_085	3|2	<BS>	<AL-BS-1>	1	2	1	1	0	0	2	CTL	CMC	0.94	0.53	1	1.9	1.41	1	0	0.41	1.49	M	1	1	0	0
CMC_MSSM_110	7|4	<AL-BS-3>	<AL-BL-3>	2	2	3	2	0	1	1	CTL	CMC	0.96	0.76	2.02	1.93	2.97	2.02	0	0.95	0.98	F	0	1	1	0
CMC_MSSM_139	12|1	<AL-BL-1>	<AL-AL-1>	3	1	4	3	0	1	0	SCZ	CMC	0.94	0.95	2.87	0.97	3.84	2.87	0	0.97	0	F	0	0	1	1
CMC_MSSM_178	2|4	<AL-BS-1>	<AL-BL-3>	2	2	3	2	0	1	1	CTL	CMC	0.96	0.79	2.01	1.89	2.93	2.01	0	0.92	0.97	M	0	1	1	0
CMC_MSSM_205	9|4	<AL-BS-5>	<AL-BL-3>	2	2	3	2	0	1	1	SCZ	CMC	0.84	0.58	2.1	1.81	2.82	2.1	0	0.72	1.09	M	0	1	1	0
CMC_MSSM_180	8|4	<AL-BS-4>	<AL-BL-3>	2	2	3	2	0	1	1	SCZ	CMC	0.37	0.92	2.03	1.85	3.36	2.03	0	1.33	0.52	M	0	1	1	0
CMC_MSSM_219	3|3	<BS>	<BS>	0	2	0	0	0	0	2	CTL	CMC	0.94	0.94	0.03	1.88	0.03	0.03	0	0	1.88	F	2	0	0	0
CMC_MSSM_168	9|8	<AL-BS-5>	<AL-BS-4>	2	2	2	2	0	0	2	SCZ	CMC	0.37	0.98	1.98	1.9	2.41	1.98	0	0.43	1.47	M	0	2	0	0
CMC_MSSM_130	14|9	<AL-BS-other>	<AL-BS-5>	2	2	2	2	0	0	2	CTL	CMC	0.96	0.64	1.86	1.94	1.92	1.86	0	0.06	1.88	M	0	2	0	0
CMC_MSSM_183	11|4	<AL-BL-other>	<AL-BL-3>	2	2	4	2	0	2	0	CTL	CMC	0.95	0.92	1.93	1.97	3.89	1.93	0	1.96	0.01	M	0	0	2	0
CMC_MSSM_196	4|9	<AL-BL-3>	<AL-BS-5>	2	2	3	2	0	1	1	SCZ	CMC	0.6	0.96	2.1	1.81	2.86	2.1	0	0.76	1.05	F	0	1	1	0
CMC_MSSM_184	10|10	<AL-BL-2>	<AL-BL-2>	2	2	4	2	0	2	0	CTL	CMC	0.67	0.67	2.36	1.47	3.79	2.36	0	1.43	0.04	F	0	0	2	0
CMC_MSSM_197	8|8	<AL-BS-4>	<AL-BS-4>	2	2	2	2	0	0	2	SCZ	CMC	0.955	0.955	1.91	1.91	1.91	1.91	0	0	1.91	M	0	2	0	0
CMC_MSSM_222	7|4	<AL-BS-3>	<AL-BL-3>	2	2	3	2	0	1	1	SCZ	CMC	0.82	0.78	2.07	1.95	3.03	2.04	0.03	0.99	0.96	M	0	1	1	0
CMC_MSSM_185	4|4	<AL-BL-3>	<AL-BL-3>	2	2	4	2	0	2	0	CTL	CMC	0.7	0.7	2.12	1.83	3.69	2.12	0	1.57	0.26	M	0	0	2	0
CMC_MSSM_147	5|4	<AL-AS-BL>	<AL-BL-3>	3	2	4	2	1	2	0	CTL	CMC	0.65	0.64	2.71	1.85	3.84	2.06	0.65	1.78	0.07	M	0	0	1	0
CMC_MSSM_173	7|14	<AL-BS-3>	<AL-BS-other>	2	2	2	2	0	0	2	CTL	CMC	0.96	0.53	2.2	1.93	2.33	2.2	0	0.13	1.8	M	0	2	0	0
CMC_MSSM_199	4|14	<AL-BL-3>	<AL-BS-other>	2	2	3	2	0	1	1	SCZ	CMC	0.88	0.96	1.96	1.92	2.92	1.96	0	0.96	0.96	F	0	1	1	0
CMC_MSSM_161	4|4	<AL-BL-3>	<AL-BL-3>	2	2	4	2	0	2	0	SCZ	CMC	0.43	0.43	2.11	1.8	3.87	2.11	0	1.76	0.04	F	0	0	2	0
CMC_MSSM_174	4|4	<AL-BL-3>	<AL-BL-3>	2	2	4	2	0	2	0	CTL	CMC	0.525	0.525	1.91	1.83	3.42	1.91	0	1.51	0.32	M	0	0	2	0
CMC_MSSM_187	10|3	<AL-BL-2>	<BS>	1	2	2	1	0	1	1	CTL	CMC	0.83	0.93	1.04	1.92	2.03	1.04	0	0.99	0.93	M	1	0	1	0
CMC_MSSM_200	10|16	<AL-BL-2>	<AL-AS-BS-BS>	3	3	3	2	1	1	2	SCZ	CMC	0.61	0.96	3.18	2.61	2.89	2.22	0.96	0.67	1.94	M	0	0	1	0
CMC_MSSM_226	4|4	<AL-BL-3>	<AL-BL-3>	2	2	4	2	0	2	0	CTL	CMC	0.75	0.75	2.03	1.83	3.75	2.03	0	1.72	0.11	F	0	0	2	0
CMC_MSSM_201	10|6	<AL-BL-2>	<AL-AL-2>	3	1	4	3	0	1	0	SCZ	CMC	0.81	0.44	2.65	1.37	4	2.65	0	1.35	0.02	F	0	0	1	1
CMC_MSSM_227	3|21	<BS>	<AL-BS-BS>	1	3	1	1	0	0	3	CTL	CMC	0.95	0.7	0.97	2.61	0.97	0.97	0	0	2.61	M	1	1	0	0
CMC_MSSM_151	4|8	<AL-BL-3>	<AL-BS-4>	2	2	3	2	0	1	1	CTL	CMC	0.61	0.96	2.08	1.84	2.93	2.08	0	0.85	0.99	M	0	1	1	0
CMC_MSSM_163	9|19	<AL-BS-5>	<AL>	2	1	2	2	0	0	1	SCZ	CMC	0.96	0.96	1.92	0.96	1.92	1.92	0	0	0.96	M	0	1	0	0
CMC_MSSM_228	14|10	<AL-BS-other>	<AL-BL-2>	2	2	3	2	0	1	1	CTL	CMC	0.84	0.75	2.01	2.03	2.95	2.01	0	0.94	1.09	M	0	1	1	0
CMC_MSSM_294	21|4	<AL-BS-BS>	<AL-BL-3>	2	3	3	2	0	1	2	SCZ	CMC	0.7	0.87	1.94	2.7	2.98	1.94	0	1.04	1.66	M	0	1	1	0
CMC_MSSM_307	8|4	<AL-BS-4>	<AL-BL-3>	2	2	3	2	0	1	1	SCZ	CMC	0.96	0.63	2.12	1.78	2.93	2.12	0	0.81	0.97	M	0	1	1	0
CMC_MSSM_230	12|2	<AL-BL-1>	<AL-BS-1>	2	2	3	2	0	1	1	CTL	CMC	0.91	0.82	1.96	1.93	3.06	1.96	0	1.1	0.83	M	0	1	1	0
CMC_MSSM_242	1|16	<AL-AL-1>	<AL-AS-BS-BS>	4	2	3	3	1	0	2	CTL	CMC	0.94	0.96	3.82	1.94	2.88	2.86	0.96	0.02	1.92	M	0	0	0	1
CMC_MSSM_295	4|11	<AL-BL-3>	<AL-BL-other>	2	2	4	2	0	2	0	SCZ	CMC	0.58	0.98	2.12	1.78	3.87	2.12	0	1.75	0.03	M	0	0	2	0
CMC_MSSM_257	12|8	<AL-BL-1>	<AL-BS-4>	2	2	3	2	0	1	1	SCZ	CMC	0.87	0.96	1.98	1.93	2.94	1.98	0	0.96	0.97	M	0	1	1	0
CMC_MSSM_271	14|10	<AL-BS-other>	<AL-BL-2>	2	2	3	2	0	1	1	SCZ	CMC	0.96	0.78	2	1.9	2.93	2	0	0.93	0.97	F	0	1	1	0
CMC_MSSM_296	4|4	<AL-BL-3>	<AL-BL-3>	2	2	4	2	0	2	0	SCZ	CMC	0.625	0.625	2.44	1.72	4.13	2.44	0	1.69	0.03	F	0	0	2	0
CMC_MSSM_322	4|4	<AL-BL-3>	<AL-BL-3>	2	2	4	2	0	2	0	SCZ	CMC	0.875	0.875	1.99	1.87	3.85	1.99	0	1.86	0.01	M	0	0	2	0
CMC_MSSM_232	10|5	<AL-BL-2>	<AL-AS-BL>	3	2	4	2	1	2	0	CTL	CMC	0.55	0.65	2.44	1.87	3.65	1.79	0.65	1.86	0.01	M	0	0	1	0
CMC_MSSM_272	11|8	<AL-BL-other>	<AL-BS-4>	2	2	3	2	0	1	1	CTL	CMC	0.41	0.96	2.1	1.83	2.95	2.1	0	0.85	0.98	M	0	1	1	0
CMC_MSSM_297	8|4	<AL-BS-4>	<AL-BL-3>	2	2	3	2	0	1	1	SCZ	CMC	0.95	0.65	2.15	1.81	2.99	2.15	0	0.84	0.97	M	0	1	1	0
CMC_MSSM_323	8|10	<AL-BS-4>	<AL-BL-2>	2	2	3	2	0	1	1	SCZ	CMC	0.95	0.74	1.78	1.92	2.75	1.78	0	0.97	0.95	M	0	1	1	0
CMC_MSSM_260	6|6	<AL-AL-2>	<AL-AL-2>	4	0	4	4	0	0	0	SCZ	CMC	0.585	0.585	3.64	0.51	4.11	3.64	0	0.47	0.04	F	0	0	0	2
CMC_MSSM_298	11|6	<AL-BL-other>	<AL-AL-2>	3	1	4	3	0	1	0	SCZ	CMC	0.96	0.88	2.89	1.01	3.89	2.89	0	1	0.01	F	0	0	1	1
CMC_MSSM_311	4|8	<AL-BL-3>	<AL-BS-4>	2	2	3	2	0	1	1	SCZ	CMC	0.42	0.96	2.15	1.78	2.95	2.15	0	0.8	0.98	F	0	1	1	0
CMC_MSSM_234	4|3	<AL-BL-3>	<BS>	1	2	2	1	0	1	1	CTL	CMC	0.72	0.95	1.06	1.87	1.96	1.06	0	0.9	0.97	M	1	0	1	0
CMC_MSSM_261	8|3	<AL-BS-4>	<BS>	1	2	1	1	0	0	2	CTL	CMC	0.96	0.95	0.97	1.91	0.97	0.97	0	0	1.91	F	1	1	0	0
CMC_MSSM_299	11|4	<AL-BL-other>	<AL-BL-3>	2	2	4	2	0	2	0	SCZ	CMC	0.97	0.79	1.96	1.89	3.76	1.96	0	1.8	0.09	F	0	0	2	0
CMC_MSSM_312	17|3	<AL-BS-2>	<BS>	1	2	1	1	0	0	2	SCZ	CMC	0.95	0.95	0.97	1.91	0.97	0.97	0	0	1.91	M	1	1	0	0
CMC_MSSM_235	11|8	<AL-BL-other>	<AL-BS-4>	2	2	3	2	0	1	1	CTL	CMC	0.96	0.95	1.91	1.91	2.87	1.91	0	0.96	0.95	M	0	1	1	0
CMC_MSSM_249	4|4	<AL-BL-3>	<AL-BL-3>	2	2	4	2	0	2	0	CTL	CMC	0.53	0.53	2.3	1.71	3.87	2.3	0	1.57	0.14	M	0	0	2	0
CMC_MSSM_300	11|10	<AL-BL-other>	<AL-BL-2>	2	2	4	2	0	2	0	SCZ	CMC	0.49	0.59	2.42	1.51	3.68	2.41	0.01	1.27	0.24	M	0	0	2	0
CMC_MSSM_313	4|4	<AL-BL-3>	<AL-BL-3>	2	2	4	2	0	2	0	SCZ	CMC	0.87	0.87	2.06	1.84	3.88	2.06	0	1.82	0.02	M	0	0	2	0
CMC_MSSM_327	11|9	<AL-BL-other>	<AL-BS-5>	2	2	3	2	0	1	1	SCZ	CMC	0.38	0.96	2.19	1.71	2.78	2.18	0.01	0.6	1.11	F	0	1	1	0
CMC_MSSM_250	6|3	<AL-AL-2>	<BS>	2	1	2	2	0	0	1	SCZ	CMC	0.67	0.94	1.89	1.14	2.05	1.89	0	0.16	0.98	M	1	0	0	1
CMC_MSSM_288	1|4	<AL-AL-1>	<AL-BL-3>	3	1	4	3	0	1	0	SCZ	CMC	0.94	0.55	2.99	0.92	3.71	2.99	0	0.72	0.2	M	0	0	1	1
CMC_MSSM_315	3|11	<BS>	<AL-BL-other>	1	2	2	1	0	1	1	SCZ	CMC	0.94	0.96	0.98	1.9	1.94	0.98	0	0.96	0.94	F	1	0	1	0
CMC_MSSM_238	8|10	<AL-BS-4>	<AL-BL-2>	2	2	3	2	0	1	1	CTL	CMC	0.96	0.66	2.17	1.72	2.9	2.17	0	0.73	0.99	F	0	1	1	0
CMC_MSSM_251	3|12	<BS>	<AL-BL-1>	1	2	2	1	0	1	1	CTL	CMC	0.95	0.89	0.98	1.9	1.93	0.98	0	0.95	0.95	M	1	0	1	0
CMC_MSSM_277	8|4	<AL-BS-4>	<AL-BL-3>	2	2	3	2	0	1	1	SCZ	CMC	0.87	0.77	1.93	2.09	3.13	1.93	0	1.2	0.89	M	0	1	1	0
CMC_MSSM_289	3|4	<BS>	<AL-BL-3>	1	2	2	1	0	1	1	SCZ	CMC	0.35	0.71	1.85	1.79	2.83	1.85	0	0.98	0.81	M	1	0	1	0
CMC_MSSM_252	8|4	<AL-BS-4>	<AL-BL-3>	2	2	3	2	0	1	1	CTL	CMC	1.03	0.24	2.05	1.83	2.54	2.05	0	0.49	1.34	F	0	1	1	0
CMC_MSSM_265	6|10	<AL-AL-2>	<AL-BL-2>	3	1	4	3	0	1	0	SCZ	CMC	0.9	0.74	2.9	0.99	3.88	2.9	0	0.98	0.01	M	0	0	1	1
CMC_MSSM_290	19|8	<AL>	<AL-BS-4>	2	1	2	2	0	0	1	SCZ	CMC	0.96	0.96	1.92	0.96	1.92	1.92	0	0	0.96	M	0	1	0	0
CMC_MSSM_304	4|3	<AL-BL-3>	<BS>	1	2	2	1	0	1	1	SCZ	CMC	0.76	0.95	1.07	1.92	2.02	1.07	0	0.95	0.97	M	1	0	1	0
CMC_MSSM_253	4|7	<AL-BL-3>	<AL-BS-3>	2	2	3	2	0	1	1	SCZ	CMC	0.63	0.96	2.12	1.78	2.93	2.12	0	0.81	0.97	F	0	1	1	0
CMC_MSSM_266	9|6	<AL-BS-5>	<AL-AL-2>	3	1	3	3	0	0	1	SCZ	CMC	0.95	0.72	2.79	1.15	2.95	2.79	0	0.16	0.99	M	0	1	0	1
CMC_MSSM_305	4|8	<AL-BL-3>	<AL-BS-4>	2	2	3	2	0	1	1	SCZ	CMC	0.96	0.45	1.95	1.87	3.36	1.95	0	1.41	0.46	F	0	1	1	0
CMC_MSSM_254	2|4	<AL-BS-1>	<AL-BL-3>	2	2	3	2	0	1	1	SCZ	CMC	0.93	0.74	2.01	1.9	2.86	2.01	0	0.85	1.05	M	0	1	1	0
CMC_MSSM_279	8|2	<AL-BS-4>	<AL-BS-1>	2	2	2	2	0	0	2	SCZ	CMC	0.96	0.96	1.92	1.92	1.92	1.92	0	0	1.92	M	0	2	0	0
CMC_MSSM_306	10|14	<AL-BL-2>	<AL-BS-other>	2	2	3	2	0	1	1	SCZ	CMC	0.21	0.97	2.02	1.86	2.6	2.02	0	0.58	1.28	M	0	1	1	0
CMC_MSSM_319	4|17	<AL-BL-3>	<AL-BS-2>	2	2	3	2	0	1	1	SCZ	CMC	0.44	0.95	2.2	1.78	2.98	2.2	0	0.78	1	M	0	1	1	0
CMC_MSSM_332	4|3	<AL-BL-3>	<BS>	1	2	2	1	0	1	1	SCZ	CMC	0.69	0.94	1.01	2.18	2.25	1.01	0	1.24	0.94	F	1	0	1	0
CMC_MSSM_333	3|10	<BS>	<AL-BL-2>	1	2	2	1	0	1	1	SCZ	CMC	0.94	0.6	1.27	1.62	1.93	1.27	0	0.66	0.96	F	1	0	1	0
CMC_MSSM_345	9|4	<AL-BS-5>	<AL-BL-3>	2	2	3	2	0	1	1	SCZ	CMC	0.96	0.64	2.18	1.82	3.02	2.18	0	0.84	0.98	M	0	1	1	0
CMC_PENN_013	8|4	<AL-BS-4>	<AL-BL-3>	2	2	3	2	0	1	1	CTL	CMC	0.96	0.93	1.94	1.91	2.89	1.94	0	0.95	0.96	M	0	1	1	0
CMC_PENN_025	6|3	<AL-AL-2>	<BS>	2	1	2	2	0	0	1	CTL	CMC	0.88	0.95	1.95	1.01	1.99	1.95	0	0.04	0.97	M	1	0	0	1
CMC_PENN_037	7|5	<AL-BS-3>	<AL-AS-BL>	3	2	3	2	1	1	1	SCZ	CMC	0.89	0.5	2.47	1.94	2.99	1.97	0.5	1.02	0.92	F	0	1	0	0
CMC_PENN_060	4|8	<AL-BL-3>	<AL-BS-4>	2	2	3	2	0	1	1	SCZ	CMC	0.86	0.96	1.93	1.99	2.96	1.93	0	1.03	0.96	F	0	1	1	0
CMC_MSSM_346	17|8	<AL-BS-2>	<AL-BS-4>	2	2	2	2	0	0	2	SCZ	CMC	0.95	0.96	1.92	1.92	1.92	1.92	0	0	1.92	M	0	2	0	0
CMC_PENN_014	4|19	<AL-BL-3>	<AL>	2	1	3	2	0	1	0	CTL	CMC	0.72	0.99	2.05	0.9	2.94	2.05	0	0.89	0.01	F	0	0	1	0
CMC_PENN_026	14|8	<AL-BS-other>	<AL-BS-4>	2	2	2	2	0	0	2	CTL	CMC	0.95	0.96	1.92	1.92	1.93	1.92	0	0.01	1.91	M	0	2	0	0
CMC_PENN_061	10|4	<AL-BL-2>	<AL-BL-3>	2	2	4	2	0	2	0	SCZ	CMC	0.66	0.4	2.03	1.87	3.54	2.03	0	1.51	0.36	M	0	0	2	0
CMC_MSSM_348	4|4	<AL-BL-3>	<AL-BL-3>	2	2	4	2	0	2	0	SCZ	CMC	0.725	0.725	2.15	1.85	3.97	2.15	0	1.82	0.03	F	0	0	2	0
CMC_PENN_004	9|17	<AL-BS-5>	<AL-BS-2>	2	2	2	2	0	0	2	CTL	CMC	1	0.49	2.03	1.91	2.27	2.03	0	0.24	1.67	F	0	2	0	0
CMC_PENN_016	13|2	<AL-AL-BL>	<AL-BS-1>	3	2	4	3	0	1	1	CTL	CMC	0.58	0.8	2.59	1.89	3.66	2.59	0	1.07	0.82	F	0	1	0	1
CMC_PENN_038	4|3	<AL-BL-3>	<BS>	1	2	2	1	0	1	1	SCZ	CMC	0.91	0.95	0.99	1.95	1.99	0.99	0	1	0.95	M	1	0	1	0
CMC_PENN_050	10|8	<AL-BL-2>	<AL-BS-4>	2	2	3	2	0	1	1	SCZ	CMC	0.67	0.96	2.18	1.73	2.92	2.18	0	0.74	0.99	M	0	1	1	0
CMC_PENN_062	4|10	<AL-BL-3>	<AL-BL-2>	2	2	4	2	0	2	0	SCZ	CMC	0.86	0.59	2.27	1.74	3.92	2.27	0	1.65	0.09	M	0	0	2	0
CMC_MSSM_349	8|3	<AL-BS-4>	<BS>	1	2	1	1	0	0	2	SCZ	CMC	0.96	0.95	0.97	1.91	0.97	0.97	0	0	1.91	M	1	1	0	0
CMC_PENN_003	4|10	<AL-BL-3>	<AL-BL-2>	2	2	4	2	0	2	0	CTL	CMC	0.79	0.67	2.22	1.7	3.88	2.22	0	1.66	0.04	M	0	0	2	0
CMC_PENN_015	11|17	<AL-BL-other>	<AL-BS-2>	2	2	3	2	0	1	1	CTL	CMC	0.96	0.44	2.03	1.91	3.22	2.03	0	1.19	0.72	M	0	1	1	0
CMC_PENN_028	10|3	<AL-BL-2>	<BS>	1	2	2	1	0	1	1	CTL	CMC	0.67	0.93	1.23	1.7	1.97	1.23	0	0.74	0.96	M	1	0	1	0
CMC_PENN_039	4|3	<AL-BL-3>	<BS>	1	2	2	1	0	1	1	SCZ	CMC	0.43	0.94	1.27	1.75	2.04	1.27	0	0.77	0.98	M	1	0	1	0
CMC_PENN_051	13|4	<AL-AL-BL>	<AL-BL-3>	3	2	5	3	0	2	0	SCZ	CMC	0.52	1.26	2.54	1.86	4.39	2.54	0	1.85	0.01	F	0	0	1	1
CMC_PENN_063	3|3	<BS>	<BS>	0	2	0	0	0	0	2	SCZ	CMC	0.94	0.94	0.03	1.88	0.03	0.03	0	0	1.88	M	2	0	0	0
CMC_MSSM_338	10|8	<AL-BL-2>	<AL-BS-4>	2	2	3	2	0	1	1	SCZ	CMC	0.66	0.46	2.19	1.69	3.36	2.19	0	1.17	0.52	F	0	1	1	0
CMC_PENN_005	3|21	<BS>	<AL-BS-BS>	1	3	1	1	0	0	3	CTL	CMC	0.94	0.95	0.98	2.85	0.98	0.98	0	0	2.85	F	1	1	0	0
CMC_PENN_017	10|8	<AL-BL-2>	<AL-BS-4>	2	2	3	2	0	1	1	CTL	CMC	0.58	0.96	2.12	1.72	2.82	2.12	0	0.7	1.02	F	0	1	1	0
CMC_PENN_029	1|13	<AL-AL-1>	<AL-AL-BL>	4	1	5	4	0	1	0	CTL	CMC	0.94	0.53	3.45	0.95	4.39	3.45	0	0.94	0.01	M	0	0	0	2
CMC_PENN_040	7|4	<AL-BS-3>	<AL-BL-3>	2	2	3	2	0	1	1	SCZ	CMC	0.82	0.91	2.05	1.95	3	2.02	0.03	0.98	0.97	F	0	1	1	0
CMC_PENN_064	10|17	<AL-BL-2>	<AL-BS-2>	2	2	3	2	0	1	1	SCZ	CMC	0.64	0.93	2.18	1.68	2.88	2.18	0	0.7	0.98	F	0	1	1	0
CMC_PENN_006	10|4	<AL-BL-2>	<AL-BL-3>	2	2	4	2	0	2	0	CTL	CMC	0.78	0.74	2.11	1.86	3.94	2.11	0	1.83	0.03	F	0	0	2	0
CMC_PENN_018	16|3	<AL-AS-BS-BS>	<BS>	2	3	1	1	1	0	3	CTL	CMC	0.96	0.95	1.93	2.87	0.97	0.97	0.96	0	2.87	M	1	0	0	0
CMC_PENN_030	4|4	<AL-BL-3>	<AL-BL-3>	2	2	4	2	0	2	0	SCZ	CMC	0.725	0.725	2.17	1.95	4.1	2.17	0	1.93	0.02	F	0	0	2	0
CMC_PENN_041	10|4	<AL-BL-2>	<AL-BL-3>	2	2	4	2	0	2	0	SCZ	CMC	0.45	0.92	1.59	1.9	3.48	1.59	0	1.89	0.01	M	0	0	2	0
CMC_PENN_053	11|10	<AL-BL-other>	<AL-BL-2>	2	2	4	2	0	2	0	SCZ	CMC	0.99	0.69	1.93	1.87	3.79	1.93	0	1.86	0.01	F	0	0	2	0
CMC_PENN_065	14|4	<AL-BS-other>	<AL-BL-3>	2	2	3	2	0	1	1	SCZ	CMC	1.05	0.61	2.11	1.82	2.88	2.11	0	0.77	1.05	F	0	1	1	0
CMC_MSSM_340	8|11	<AL-BS-4>	<AL-BL-other>	2	2	3	2	0	1	1	SCZ	CMC	0.96	0.95	1.92	1.92	2.88	1.92	0	0.96	0.96	M	0	1	1	0
CMC_MSSM_352	6|11	<AL-AL-2>	<AL-BL-other>	3	1	4	3	0	1	0	SCZ	CMC	0.52	0.96	2.64	1.37	3.91	2.64	0	1.27	0.1	M	0	0	1	1
CMC_PENN_007	8|8	<AL-BS-4>	<AL-BS-4>	2	2	2	2	0	0	2	CTL	CMC	0.955	0.955	1.91	1.91	1.91	1.91	0	0	1.91	F	0	2	0	0
CMC_PENN_019	3|9	<BS>	<AL-BS-5>	1	2	1	1	0	0	2	CTL	CMC	0.95	0.96	0.97	1.91	0.97	0.97	0	0	1.91	F	1	1	0	0
CMC_PENN_031	21|16	<AL-BS-BS>	<AL-AS-BS-BS>	3	4	2	2	1	0	4	SCZ	CMC	0.65	0.96	2.88	3.53	1.92	1.92	0.96	0	3.53	F	0	1	0	0
CMC_PENN_042	10|4	<AL-BL-2>	<AL-BL-3>	2	2	4	2	0	2	0	SCZ	CMC	0.75	0.45	2.43	1.85	4.26	2.43	0	1.83	0.02	F	0	0	2	0
CMC_PENN_054	17|14	<AL-BS-2>	<AL-BS-other>	2	2	2	2	0	0	2	SCZ	CMC	0.95	0.53	2.01	1.91	2.14	2.01	0	0.13	1.78	M	0	2	0	0
CMC_PENN_032	4|10	<AL-BL-3>	<AL-BL-2>	2	2	4	2	0	2	0	SCZ	CMC	0.65	0.79	1.9	1.9	3.79	1.9	0	1.89	0.01	M	0	0	2	0
CMC_PENN_067	11|10	<AL-BL-other>	<AL-BL-2>	2	2	4	2	0	2	0	SCZ	CMC	0.97	0.63	2.19	1.66	3.83	2.19	0	1.64	0.02	F	0	0	2	0
CMC_MSSM_354	11|8	<AL-BL-other>	<AL-BS-4>	2	2	3	2	0	1	1	SCZ	CMC	0.96	0.96	1.92	1.92	2.88	1.92	0	0.96	0.96	M	0	1	1	0
CMC_PENN_021	8|3	<AL-BS-4>	<BS>	1	2	1	1	0	0	2	CTL	CMC	0.96	0.95	0.97	1.91	0.97	0.97	0	0	1.91	M	1	1	0	0
CMC_PENN_044	4|10	<AL-BL-3>	<AL-BL-2>	2	2	4	2	0	2	0	SCZ	CMC	0.75	0.74	2.07	1.86	3.8	2.07	0	1.73	0.13	F	0	0	2	0
CMC_PENN_056	9|3	<AL-BS-5>	<BS>	1	2	1	1	0	0	2	SCZ	CMC	0.96	0.95	0.97	1.91	0.97	0.97	0	0	1.91	F	1	1	0	0
CMC_PENN_068	11|5	<AL-BL-other>	<AL-AS-BL>	3	2	4	2	1	2	0	SCZ	CMC	0.74	0.64	2.72	1.83	3.89	2.08	0.64	1.81	0.02	M	0	0	1	0
CMC_MSSM_355	12|8	<AL-BL-1>	<AL-BS-4>	2	2	3	2	0	1	1	SCZ	CMC	0.91	0.96	1.94	1.92	2.9	1.94	0	0.96	0.96	F	0	1	1	0
CMC_PENN_022	10|3	<AL-BL-2>	<BS>	1	2	2	1	0	1	1	CTL	CMC	0.64	0.95	1.24	1.67	1.94	1.24	0	0.7	0.97	F	1	0	1	0
CMC_PENN_034	1|8	<AL-AL-1>	<AL-BS-4>	3	1	3	3	0	0	1	SCZ	CMC	0.96	0.96	2.88	0.96	2.88	2.88	0	0	0.96	M	0	1	0	1
CMC_MSSM_356	9|10	<AL-BS-5>	<AL-BL-2>	2	2	3	2	0	1	1	SCZ	CMC	0.83	0.73	1.98	1.9	3.03	1.98	0	1.05	0.85	F	0	1	1	0
CMC_PENN_011	3|10	<BS>	<AL-BL-2>	1	2	2	1	0	1	1	CTL	CMC	0.95	0.64	1.24	1.67	1.94	1.24	0	0.7	0.97	M	1	0	1	0
CMC_PENN_035	16|3	<AL-AS-BS-BS>	<BS>	2	3	1	1	1	0	3	SCZ	CMC	0.96	0.94	1.94	2.86	0.98	0.98	0.96	0	2.86	F	1	0	0	0
CMC_PENN_046	8|16	<AL-BS-4>	<AL-AS-BS-BS>	3	3	2	2	1	0	3	SCZ	CMC	0.96	0.96	2.88	2.88	1.92	1.92	0.96	0	2.88	F	0	1	0	0
CMC_PENN_058	9|1	<AL-BS-5>	<AL-AL-1>	3	1	3	3	0	0	1	SCZ	CMC	0.84	0.8	2.8	1.15	3.06	2.79	0.01	0.27	0.88	F	0	1	0	1
CMC_PENN_070	4|8	<AL-BL-3>	<AL-BS-4>	2	2	3	2	0	1	1	SCZ	CMC	0.82	0.96	2.03	1.89	2.93	2.03	0	0.9	0.99	F	0	1	1	0
CMC_MSSM_357	4|21	<AL-BL-3>	<AL-BS-BS>	2	3	3	2	0	1	2	SCZ	CMC	0.18	0.7	2.02	2.53	2.43	2.02	0	0.41	2.12	M	0	1	1	0
CMC_PENN_036	9|4	<AL-BS-5>	<AL-BL-3>	2	2	3	2	0	1	1	SCZ	CMC	0.95	0.87	1.97	1.91	2.89	1.97	0	0.92	0.99	F	0	1	1	0
CMC_PENN_047	1|10	<AL-AL-1>	<AL-BL-2>	3	1	4	3	0	1	0	SCZ	CMC	0.96	0.64	3.13	0.72	3.83	3.13	0	0.7	0.02	M	0	0	1	1
CMC_PENN_059	10|4	<AL-BL-2>	<AL-BL-3>	2	2	4	2	0	2	0	SCZ	CMC	0.62	0.69	2.24	1.61	3.81	2.24	0	1.57	0.04	F	0	0	2	0
CMC_PENN_071	8|19	<AL-BS-4>	<AL>	2	1	2	2	0	0	1	SCZ	CMC	0.96	0.96	1.92	0.96	1.92	1.92	0	0	0.96	F	0	1	0	0
CMC_PENN_072	8|3	<AL-BS-4>	<BS>	1	2	1	1	0	0	2	SCZ	CMC	0.46	0.94	1	1.89	1.46	1	0	0.46	1.43	F	1	1	0	0
CMC_PENN_096	4|10	<AL-BL-3>	<AL-BL-2>	2	2	4	2	0	2	0	SCZ	CMC	0.66	0.83	1.93	1.83	3.75	1.93	0	1.82	0.01	M	0	0	2	0
CMC_PITT_077	14|4	<AL-BS-other>	<AL-BL-3>	2	2	3	2	0	1	1	SCZ	CMC	0.35	0.34	2.12	1.71	3.14	2.07	0.05	1.07	0.64	M	0	1	1	0
CMC_PITT_092	7|10	<AL-BS-3>	<AL-BL-2>	2	2	3	2	0	1	1	CTL	CMC	0.82	0.61	2.2	1.84	2.97	2.17	0.03	0.8	1.04	M	0	1	1	0
CMC_PITT_088	4|4	<AL-BL-3>	<AL-BL-3>	2	2	4	2	0	2	0	CTL	CMC	0.795	0.795	2.03	1.86	3.88	2.03	0	1.85	0.01	M	0	0	2	0
CMC_PENN_073	14|2	<AL-BS-other>	<AL-BS-1>	2	2	2	2	0	0	2	SCZ	CMC	0.19	0.98	2.02	1.83	2.39	2.02	0	0.37	1.46	F	0	2	0	0
CMC_PENN_097	8|16	<AL-BS-4>	<AL-AS-BS-BS>	3	3	2	2	1	0	3	SCZ	CMC	0.96	0.96	2.88	2.88	1.92	1.92	0.96	0	2.88	M	0	1	0	0
CMC_PITT_085	11|4	<AL-BL-other>	<AL-BL-3>	2	2	4	2	0	2	0	SCZ	CMC	0.18	1.07	2.29	1.79	3.74	2.23	0.06	1.51	0.28	M	0	0	2	0
CMC_PITT_080	19|14	<AL>	<AL-BS-other>	2	1	2	2	0	0	1	CTL	CMC	0.83	0.96	2.05	0.96	2.05	2.05	0	0	0.96	F	0	1	0	0
CMC_PITT_097	8|11	<AL-BS-4>	<AL-BL-other>	2	2	3	2	0	1	1	CTL	CMC	0.82	0.5	2.21	1.74	3.11	2.21	0	0.9	0.84	M	0	1	1	0
CMC_PITT_094	4|3	<AL-BL-3>	<BS>	1	2	2	1	0	1	1	SCZ	CMC	0.67	0.95	1.12	1.88	2.03	1.12	0	0.91	0.97	M	1	0	1	0
CMC_PENN_074	4|1	<AL-BL-3>	<AL-AL-1>	3	1	4	3	0	1	0	SCZ	CMC	0.45	0.96	3.33	0.87	4.18	3.33	0	0.85	0.02	F	0	0	1	1
CMC_PENN_086	4|6	<AL-BL-3>	<AL-AL-2>	3	1	4	3	0	1	0	CTL	CMC	0.67	0.8	3.1	0.99	3.94	3.08	0.02	0.86	0.13	F	0	0	1	1
CMC_PENN_098	8|8	<AL-BS-4>	<AL-BS-4>	2	2	2	2	0	0	2	SCZ	CMC	0.955	0.955	1.92	1.92	1.93	1.92	0	0.01	1.91	M	0	2	0	0
CMC_PITT_111	9|4	<AL-BS-5>	<AL-BL-3>	2	2	3	2	0	1	1	SCZ	CMC	0.96	0.82	2.01	1.89	2.93	2.01	0	0.92	0.97	M	0	1	1	0
CMC_PENN_075	4|4	<AL-BL-3>	<AL-BL-3>	2	2	4	2	0	2	0	SCZ	CMC	0.705	0.705	2.17	1.73	3.88	2.17	0	1.71	0.02	M	0	0	2	0
CMC_PITT_101	10|4	<AL-BL-2>	<AL-BL-3>	2	2	4	2	0	2	0	CTL	CMC	0.33	0.32	2.06	1.75	2.98	2.06	0	0.92	0.83	M	0	0	2	0
CMC_PITT_079	3|4	<BS>	<AL-BL-3>	1	2	2	1	0	1	1	SCZ	CMC	0.94	0.81	0.87	1.91	1.84	0.87	0	0.97	0.94	M	1	0	1	0
CMC_PITT_099	4|10	<AL-BL-3>	<AL-BL-2>	2	2	4	2	0	2	0	CTL	CMC	0.87	0.64	2.16	1.67	3.81	2.16	0	1.65	0.02	F	0	0	2	0
CMC_PITT_112	11|10	<AL-BL-other>	<AL-BL-2>	2	2	4	2	0	2	0	CTL	CMC	0.74	0.76	2.2	1.74	3.87	2.2	0	1.67	0.07	M	0	0	2	0
CMC_PENN_088	11|10	<AL-BL-other>	<AL-BL-2>	2	2	4	2	0	2	0	CTL	CMC	0.41	0.99	2.29	1.59	3.82	2.29	0	1.53	0.06	M	0	0	2	0
CMC_PENN_100	8|17	<AL-BS-4>	<AL-BS-2>	2	2	2	2	0	0	2	SCZ	CMC	0.96	0.94	1.92	1.92	1.92	1.92	0	0	1.92	F	0	2	0	0
CMC_PITT_010	3|4	<BS>	<AL-BL-3>	1	2	2	1	0	1	1	CTL	CMC	0.95	0.95	0.99	1.91	1.95	0.99	0	0.96	0.95	M	1	0	1	0
CMC_PITT_001	9|3	<AL-BS-5>	<BS>	1	2	1	1	0	0	2	CTL	CMC	0.96	0.83	1.14	1.85	1.19	1.14	0	0.05	1.8	M	1	1	0	0
CMC_PITT_011	9|8	<AL-BS-5>	<AL-BS-4>	2	2	2	2	0	0	2	SCZ	CMC	0.93	0.96	1.9	1.92	1.91	1.9	0	0.01	1.91	M	0	2	0	0
CMC_PENN_077	10|12	<AL-BL-2>	<AL-BL-1>	2	2	4	2	0	2	0	CTL	CMC	0.75	0.9	2.02	1.9	3.91	2.02	0	1.89	0.01	M	0	0	2	0
CMC_PENN_089	12|7	<AL-BL-1>	<AL-BS-3>	2	2	3	2	0	1	1	SCZ	CMC	0.91	0.96	1.94	1.92	2.9	1.94	0	0.96	0.96	M	0	1	1	0
CMC_PENN_101	6|2	<AL-AL-2>	<AL-BS-1>	3	1	3	3	0	0	1	SCZ	CMC	0.78	0.71	2.98	1.02	3.26	2.98	0	0.28	0.74	M	0	1	0	1
CMC_PITT_028	8|11	<AL-BS-4>	<AL-BL-other>	2	2	3	2	0	1	1	CTL	CMC	0.97	0.25	2.18	1.86	2.56	2.01	0.17	0.55	1.31	F	0	1	1	0
CMC_PITT_048	10|4	<AL-BL-2>	<AL-BL-3>	2	2	4	2	0	2	0	CTL	CMC	0.48	0.79	2.34	1.58	3.87	2.34	0	1.53	0.05	F	0	0	2	0
CMC_PITT_020	8|4	<AL-BS-4>	<AL-BL-3>	2	2	3	2	0	1	1	SCZ	CMC	0.96	0.4	2.29	1.75	3.04	2.29	0	0.75	1	F	0	1	1	0
CMC_PITT_033	3|2	<BS>	<AL-BS-1>	1	2	1	1	0	0	2	CTL	CMC	0.95	0.61	0.98	1.91	1.32	0.98	0	0.34	1.57	F	1	1	0	0
CMC_PENN_090	17|4	<AL-BS-2>	<AL-BL-3>	2	2	3	2	0	1	1	SCZ	CMC	0.35	0.77	2.11	1.84	3.4	2.11	0	1.29	0.55	F	0	1	1	0
CMC_PITT_024	7|3	<AL-BS-3>	<BS>	1	2	1	1	0	0	2	SCZ	CMC	0.96	0.95	0.97	1.91	0.97	0.97	0	0	1.91	F	1	1	0	0
CMC_PITT_098	10|4	<AL-BL-2>	<AL-BL-3>	2	2	4	2	0	2	0	CTL	CMC	0.45	0.73	2.38	1.65	3.97	2.38	0	1.59	0.06	M	0	0	2	0
CMC_PITT_090	9|4	<AL-BS-5>	<AL-BL-3>	2	2	3	2	0	1	1	SCZ	CMC	0.8	0.58	1.95	1.88	2.66	1.95	0	0.71	1.17	M	0	1	1	0
CMC_PENN_091	9|2	<AL-BS-5>	<AL-BS-1>	2	2	2	2	0	0	2	SCZ	CMC	0.31	0.73	2.08	1.84	2.75	2.08	0	0.67	1.17	F	0	2	0	0
CMC_PITT_093	10|10	<AL-BL-2>	<AL-BL-2>	2	2	4	2	0	2	0	CTL	CMC	0.625	0.625	2.44	1.4	3.79	2.44	0	1.35	0.05	M	0	0	2	0
CMC_PITT_009	11|4	<AL-BL-other>	<AL-BL-3>	2	2	4	2	0	2	0	CTL	CMC	1	0.26	1.94	1.88	3.66	1.94	0	1.72	0.16	M	0	0	2	0
CMC_PITT_023	8|6	<AL-BS-4>	<AL-AL-2>	3	1	3	3	0	0	1	SCZ	CMC	0.96	0.77	2.98	1.02	3.02	2.98	0	0.04	0.98	M	0	1	0	1
CMC_PENN_080	4|4	<AL-BL-3>	<AL-BL-3>	2	2	4	2	0	2	0	CTL	CMC	0.67	0.67	1.94	1.8	3.72	1.94	0	1.78	0.02	F	0	0	2	0
CMC_PENN_092	6|17	<AL-AL-2>	<AL-BS-2>	3	1	3	3	0	0	1	SCZ	CMC	0.72	0.95	3.03	1.02	3.07	3.03	0	0.04	0.98	M	0	1	0	1
CMC_PITT_002	12|4	<AL-BL-1>	<AL-BL-3>	2	2	4	2	0	2	0	CTL	CMC	1	0.77	2.03	1.89	3.87	2.03	0	1.84	0.05	M	0	0	2	0
CMC_PITT_029	4|6	<AL-BL-3>	<AL-AL-2>	3	1	4	3	0	1	0	SCZ	CMC	0.43	0.82	3.25	0.88	4.1	3.25	0	0.85	0.03	M	0	0	1	1
CMC_PITT_040	9|3	<AL-BS-5>	<BS>	1	2	1	1	0	0	2	CTL	CMC	0.98	0.33	1.87	1.76	2.19	1.87	0	0.32	1.44	M	1	1	0	0
CMC_PENN_081	4|10	<AL-BL-3>	<AL-BL-2>	2	2	4	2	0	2	0	CTL	CMC	0.43	0.66	2.48	1.55	3.94	2.47	0.01	1.47	0.08	M	0	0	2	0
CMC_PENN_093	6|4	<AL-AL-2>	<AL-BL-3>	3	1	4	3	0	1	0	SCZ	CMC	0.71	0.86	3.14	0.98	4.1	3.14	0	0.96	0.02	M	0	0	1	1
CMC_PITT_017	4|8	<AL-BL-3>	<AL-BS-4>	2	2	3	2	0	1	1	SCZ	CMC	0.75	0.96	2.07	1.89	2.98	2.07	0	0.91	0.98	M	0	1	1	0
CMC_PITT_015	3|6	<BS>	<AL-AL-2>	2	1	2	2	0	0	1	CTL	CMC	0.95	0.75	2.07	1.02	2.12	2.07	0	0.05	0.97	M	1	0	0	1
CMC_PITT_014	1|1	<AL-AL-1>	<AL-AL-1>	4	0	4	4	0	0	0	SCZ	CMC	0.685	0.685	3.53	0.57	3.83	3.51	0.02	0.32	0.25	M	0	0	0	2
CMC_PITT_019	9|8	<AL-BS-5>	<AL-BS-4>	2	2	2	2	0	0	2	SCZ	CMC	0.71	0.96	1.87	1.93	1.97	1.87	0	0.1	1.83	M	0	2	0	0
CMC_PENN_082	1|14	<AL-AL-1>	<AL-BS-other>	3	1	3	3	0	0	1	SCZ	CMC	0.95	0.96	2.87	0.97	2.88	2.87	0	0.01	0.96	M	0	1	0	1
CMC_PENN_094	13|21	<AL-AL-BL>	<AL-BS-BS>	3	3	4	3	0	1	2	SCZ	CMC	0.58	0.65	2.56	2.54	3.49	2.56	0	0.93	1.61	F	0	1	0	1
CMC_PITT_030	10|7	<AL-BL-2>	<AL-BS-3>	2	2	3	2	0	1	1	SCZ	CMC	0.73	0.9	2.14	1.81	2.98	2.13	0.01	0.85	0.96	M	0	1	1	0
CMC_PITT_121	10|10	<AL-BL-2>	<AL-BL-2>	2	2	4	2	0	2	0	CTL	CMC	0.745	0.745	1.86	1.86	3.71	1.86	0	1.85	0.01	M	0	0	2	0
CMC_PITT_025	13|4	<AL-AL-BL>	<AL-BL-3>	3	2	5	3	0	2	0	SCZ	CMC	0.63	1.13	2.62	1.88	4.49	2.62	0	1.87	0.01	M	0	0	1	1
CMC_PITT_038	9|2	<AL-BS-5>	<AL-BS-1>	2	2	2	2	0	0	2	CTL	CMC	0.96	0.96	1.92	1.92	1.92	1.92	0	0	1.92	M	0	2	0	0
CMC_PITT_003	8|17	<AL-BS-4>	<AL-BS-2>	2	2	2	2	0	0	2	SCZ	CMC	1	0.49	2.02	1.9	2.26	2.02	0	0.24	1.66	M	0	2	0	0
CMC_PITT_013	4|11	<AL-BL-3>	<AL-BL-other>	2	2	4	2	0	2	0	CTL	CMC	0.59	0.24	2.54	1.57	3.75	2.48	0.06	1.27	0.3	F	0	0	2	0
CMC_PENN_095	14|10	<AL-BS-other>	<AL-BL-2>	2	2	3	2	0	1	1	SCZ	CMC	0.31	0.57	2.06	1.7	2.99	2.06	0	0.93	0.77	F	0	1	1	0
CMC_PITT_082	10|6	<AL-BL-2>	<AL-AL-2>	3	1	4	3	0	1	0	CTL	CMC	0.77	0.81	3.01	1	3.99	3.01	0	0.98	0.02	M	0	0	1	1
CMC_PITT_108	4|4	<AL-BL-3>	<AL-BL-3>	2	2	4	2	0	2	0	CTL	CMC	0.4	0.4	2.29	1.78	3.63	2.29	0	1.34	0.44	M	0	0	2	0
CMC_PITT_123	7|10	<AL-BS-3>	<AL-BL-2>	2	2	3	2	0	1	1	CTL	CMC	0.96	0.66	2.13	1.73	2.88	2.13	0	0.75	0.98	M	0	1	1	0
CMC_PITT_089	7|9	<AL-BS-3>	<AL-BS-5>	2	2	2	2	0	0	2	SCZ	CMC	0.86	0.91	1.92	1.93	1.99	1.88	0.04	0.11	1.82	M	0	2	0	0
CMC_PITT_122	10|3	<AL-BL-2>	<BS>	1	2	2	1	0	1	1	CTL	CMC	0.78	0.95	1.07	1.89	2	1.07	0	0.93	0.96	F	1	0	1	0
CMC_PITT_107	4|4	<AL-BL-3>	<AL-BL-3>	2	2	4	2	0	2	0	SCZ	CMC	0.565	0.565	2.28	1.7	3.91	2.28	0	1.63	0.07	F	0	0	2	0
CMC_PITT_109	2|17	<AL-BS-1>	<AL-BS-2>	2	2	2	2	0	0	2	CTL	CMC	0.96	0.95	1.92	1.92	1.92	1.92	0	0	1.92	F	0	2	0	0
CMC_PITT_118	4|10	<AL-BL-3>	<AL-BL-2>	2	2	4	2	0	2	0	SCZ	CMC	0.95	0.75	2.02	1.9	3.91	2.02	0	1.89	0.01	F	0	0	2	0
CMC_PITT_113	4|4	<AL-BL-3>	<AL-BL-3>	2	2	4	2	0	2	0	CTL	CMC	0.835	0.835	2	1.91	3.87	2	0	1.87	0.04	M	0	0	2	0
CMC_PITT_039	3|10	<BS>	<AL-BL-2>	1	2	2	1	0	1	1	CTL	CMC	0.95	0.82	1.04	1.91	2	1.04	0	0.96	0.95	M	1	0	1	0
CMC_PITT_037	2|17	<AL-BS-1>	<AL-BS-2>	2	2	2	2	0	0	2	SCZ	CMC	0.93	0.95	1.94	1.93	1.97	1.94	0	0.03	1.9	M	0	2	0	0
CMC_PITT_116	17|11	<AL-BS-2>	<AL-BL-other>	2	2	3	2	0	1	1	CTL	CMC	0.93	0.96	1.92	1.92	2.88	1.92	0	0.96	0.96	M	0	1	1	0
CMC_PITT_043	10|10	<AL-BL-2>	<AL-BL-2>	2	2	4	2	0	2	0	SCZ	CMC	0.59	0.59	2.38	1.55	3.79	2.38	0	1.41	0.14	M	0	0	2	0
CMC_PITT_046	7|17	<AL-BS-3>	<AL-BS-2>	2	2	2	2	0	0	2	CTL	CMC	0.96	0.93	1.92	1.92	1.92	1.92	0	0	1.92	M	0	2	0	0
CMC_PITT_117	4|4	<AL-BL-3>	<AL-BL-3>	2	2	4	2	0	2	0	SCZ	CMC	0.645	0.645	2.08	1.85	3.64	2.08	0	1.56	0.29	M	0	0	2	0
CMC_PITT_026	10|4	<AL-BL-2>	<AL-BL-3>	2	2	4	2	0	2	0	SCZ	CMC	0.57	0.87	2.29	1.62	3.89	2.29	0	1.6	0.02	M	0	0	2	0
CMC_PITT_041	4|13	<AL-BL-3>	<AL-AL-BL>	3	2	5	3	0	2	0	SCZ	CMC	1.15	0.6	2.63	1.84	4.45	2.63	0	1.82	0.02	F	0	0	1	1
CMC_PITT_058	17|14	<AL-BS-2>	<AL-BS-other>	2	2	2	2	0	0	2	CTL	CMC	0.37	0.39	2.12	1.72	2.8	2.07	0.05	0.73	0.99	M	0	2	0	0
CMC_PITT_044	7|12	<AL-BS-3>	<AL-BL-1>	2	2	3	2	0	1	1	SCZ	CMC	0.96	0.89	1.93	1.91	2.88	1.93	0	0.95	0.96	M	0	1	1	0
CMC_PITT_047	4|4	<AL-BL-3>	<AL-BL-3>	2	2	4	2	0	2	0	CTL	CMC	0.655	0.655	2.1	1.83	3.87	2.09	0.01	1.78	0.05	M	0	0	2	0
CMC_PITT_049	4|10	<AL-BL-3>	<AL-BL-2>	2	2	4	2	0	2	0	SCZ	CMC	0.92	0.6	2.23	1.63	3.84	2.23	0	1.61	0.02	M	0	0	2	0
CMC_PITT_051	8|9	<AL-BS-4>	<AL-BS-5>	2	2	2	2	0	0	2	SCZ	CMC	0.46	0.99	2.01	1.71	2.18	2.01	0	0.17	1.54	M	0	2	0	0
CMC_PITT_008	4|14	<AL-BL-3>	<AL-BS-other>	2	2	3	2	0	1	1	CTL	CMC	0.62	0.96	1.85	1.88	2.77	1.85	0	0.92	0.96	M	0	1	1	0
CMC_PITT_052	4|8	<AL-BL-3>	<AL-BS-4>	2	2	3	2	0	1	1	SCZ	CMC	0.55	0.96	2.08	1.84	2.76	2.08	0	0.68	1.16	M	0	1	1	0
CMC_PITT_100	4|8	<AL-BL-3>	<AL-BS-4>	2	2	3	2	0	1	1	CTL	CMC	0.75	0.95	2.08	1.85	2.96	2.08	0	0.88	0.97	M	0	1	1	0
CMC_PITT_053	10|11	<AL-BL-2>	<AL-BL-other>	2	2	4	2	0	2	0	SCZ	CMC	0.81	0.98	2.01	1.87	3.87	2.01	0	1.86	0.01	M	0	0	2	0
CMC_PITT_042	12|4	<AL-BL-1>	<AL-BL-3>	2	2	4	2	0	2	0	CTL	CMC	1.02	0.67	2.05	1.88	3.85	2.05	0	1.8	0.08	M	0	0	2	0
CMC_PITT_056	4|8	<AL-BL-3>	<AL-BS-4>	2	2	3	2	0	1	1	SCZ	CMC	0.63	0.96	2.06	1.88	2.94	2.06	0	0.88	1	M	0	1	1	0
CMC_PITT_022	8|7	<AL-BS-4>	<AL-BS-3>	2	2	2	2	0	0	2	CTL	CMC	0.96	0.96	1.92	1.92	1.92	1.92	0	0	1.92	F	0	2	0	0
CMC_PITT_057	11|4	<AL-BL-other>	<AL-BL-3>	2	2	4	2	0	2	0	SCZ	CMC	0.91	0.53	2.25	1.71	3.87	2.22	0.03	1.65	0.06	F	0	0	2	0
CMC_PITT_059	10|14	<AL-BL-2>	<AL-BS-other>	2	2	3	2	0	1	1	CTL	CMC	0.76	0.96	2	1.88	2.91	2	0	0.91	0.97	M	0	1	1	0
CMC_PITT_060	8|10	<AL-BS-4>	<AL-BL-2>	2	2	3	2	0	1	1	SCZ	CMC	0.96	0.77	1.94	1.94	2.91	1.94	0	0.97	0.97	M	0	1	1	0
CMC_PITT_065	11|4	<AL-BL-other>	<AL-BL-3>	2	2	4	2	0	2	0	SCZ	CMC	0.95	0.53	1.99	1.91	3.89	1.99	0	1.9	0.01	F	0	0	2	0
CMC_PITT_066	19|4	<AL>	<AL-BL-3>	2	1	3	2	0	1	0	SCZ	CMC	0.96	0.6	2.09	0.85	2.85	2.09	0	0.76	0.09	M	0	0	1	0
CMC_PITT_061	4|6	<AL-BL-3>	<AL-AL-2>	3	1	4	3	0	1	0	CTL	CMC	0.7	0.86	3.11	0.97	4.05	3.11	0	0.94	0.03	F	0	0	1	1
CMC_PITT_007	8|4	<AL-BS-4>	<AL-BL-3>	2	2	3	2	0	1	1	SCZ	CMC	0.96	0.52	2.07	1.85	2.72	2.07	0	0.65	1.2	F	0	1	1	0
CMC_PITT_067	4|10	<AL-BL-3>	<AL-BL-2>	2	2	4	2	0	2	0	CTL	CMC	0.89	0.73	2.04	1.88	3.91	2.04	0	1.87	0.01	M	0	0	2	0
CMC_PITT_062	4|4	<AL-BL-3>	<AL-BL-3>	2	2	4	2	0	2	0	CTL	CMC	0.85	0.85	1.99	1.9	3.82	1.99	0	1.83	0.07	M	0	0	2	0
CMC_PITT_071	10|14	<AL-BL-2>	<AL-BS-other>	2	2	3	2	0	1	1	SCZ	CMC	0.84	0.33	2.1	1.8	3.39	2.08	0.02	1.31	0.49	M	0	1	1	0
CMC_PITT_068	16|7	<AL-AS-BS-BS>	<AL-BS-3>	3	3	2	2	1	0	3	CTL	CMC	0.95	0.96	2.87	2.87	1.92	1.92	0.95	0	2.87	M	0	1	0	0
CMC_PITT_050	7|1	<AL-BS-3>	<AL-AL-1>	3	1	3	3	0	0	1	CTL	CMC	0.96	0.94	2.86	0.98	2.88	2.86	0	0.02	0.96	M	0	1	0	1
CMC_PITT_073	3|4	<BS>	<AL-BL-3>	1	2	2	1	0	1	1	SCZ	CMC	0.94	0.94	1	1.9	1.96	1	0	0.96	0.94	M	1	0	1	0
CMC_PITT_064	4|21	<AL-BL-3>	<AL-BS-BS>	2	3	3	2	0	1	2	CTL	CMC	0.89	0.7	1.9	2.63	2.87	1.9	0	0.97	1.66	M	0	1	1	0
CMC_PITT_074	10|4	<AL-BL-2>	<AL-BL-3>	2	2	4	2	0	2	0	SCZ	CMC	0.8	0.2	2.25	1.63	3.41	2.25	0	1.16	0.47	M	0	0	2	0
CMC_PITT_104	16|10	<AL-AS-BS-BS>	<AL-BL-2>	3	3	3	2	1	1	2	CTL	CMC	0.96	0.74	2.98	2.85	2.94	2.02	0.96	0.92	1.93	M	0	0	1	0
CMC_PITT_120	16|7	<AL-AS-BS-BS>	<AL-BS-3>	3	3	2	2	1	0	3	SCZ	CMC	0.96	0.96	2.88	2.88	1.92	1.92	0.96	0	2.88	M	0	1	0	0
CMC_PITT_075	3|10	<BS>	<AL-BL-2>	1	2	2	1	0	1	1	CTL	CMC	0.95	0.47	1.23	1.74	1.85	1.23	0	0.62	1.12	F	1	0	1	0
CMC_MSSM_025	21|1	<AL-BS-BS>	<AL-AL-1>	3	2	3	3	0	0	2	SCZ	CMC	0.7	0.45	2.44	2.14	2.75	2.43	0.01	0.32	1.82	M	0	1	0	1
CMC_MSSM_044	2|4	<AL-BS-1>	<AL-BL-3>	2	2	3	2	0	1	1	CTL	CMC	0.94	0.89	1.99	1.92	2.96	1.99	0	0.97	0.95	M	0	1	1	0
CMC_MSSM_056	9|9	<AL-BS-5>	<AL-BS-5>	2	2	2	2	0	0	2	CTL	CMC	0.73	0.73	1.8	1.9	2.01	1.8	0	0.21	1.69	F	0	2	0	0
CMC_MSSM_124	4|4	<AL-BL-3>	<AL-BL-3>	2	2	4	2	0	2	0	CTL	CMC	0.465	0.465	2.41	1.72	4.01	2.41	0	1.6	0.12	M	0	0	2	0
CMC_MSSM_142	4|3	<AL-BL-3>	<BS>	1	2	2	1	0	1	1	SCZ	CMC	0.52	0.95	1.12	1.84	1.77	1.12	0	0.65	1.19	F	1	0	1	0
CMC_MSSM_150	11|4	<AL-BL-other>	<AL-BL-3>	2	2	4	2	0	2	0	CTL	CMC	0.87	1.02	1.93	1.91	3.83	1.93	0	1.9	0.01	F	0	0	2	0
CMC_MSSM_166	4|4	<AL-BL-3>	<AL-BL-3>	2	2	4	2	0	2	0	SCZ	CMC	0.7	0.7	2.22	1.78	3.97	2.22	0	1.75	0.03	M	0	0	2	0
CMC_MSSM_175	7|4	<AL-BS-3>	<AL-BL-3>	2	2	3	2	0	1	1	CTL	CMC	0.96	0.78	2.02	1.93	2.97	2.02	0	0.95	0.98	M	0	1	1	0
CMC_MSSM_179	17|4	<AL-BS-2>	<AL-BL-3>	2	2	3	2	0	1	1	CTL	CMC	0.93	0.64	2.19	1.83	3.04	2.19	0	0.85	0.98	F	0	1	1	0
CMC_MSSM_182	14|10	<AL-BS-other>	<AL-BL-2>	2	2	3	2	0	1	1	CTL	CMC	0.53	0.82	2.03	2.34	3	2.03	0	0.97	1.37	M	0	1	1	0
CMC_MSSM_193	8|8	<AL-BS-4>	<AL-BS-4>	2	2	2	2	0	0	2	SCZ	CMC	0.955	0.955	1.91	1.91	1.91	1.91	0	0	1.91	M	0	2	0	0
CMC_MSSM_194	4|11	<AL-BL-3>	<AL-BL-other>	2	2	4	2	0	2	0	SCZ	CMC	0.7	0.97	2.07	1.85	3.91	2.07	0	1.84	0.01	F	0	0	2	0
CMC_MSSM_217	11|1	<AL-BL-other>	<AL-AL-1>	3	1	4	3	0	1	0	CTL	CMC	1.1	0.77	2.73	1.16	3.84	2.73	0	1.11	0.05	F	0	0	1	1
CMC_MSSM_218	11|4	<AL-BL-other>	<AL-BL-3>	2	2	4	2	0	2	0	SCZ	CMC	0.96	0.78	1.94	2.08	4.02	1.94	0	2.08	0	M	0	0	2	0
CMC_MSSM_237	4|4	<AL-BL-3>	<AL-BL-3>	2	2	4	2	0	2	0	CTL	CMC	0.715	0.715	2.1	1.8	3.87	2.1	0	1.77	0.03	M	0	0	2	0
CMC_PITT_144	16|19	<AL-AS-BS-BS>	<AL>	3	2	2	2	1	0	2	CTL	CMC	0.44	0.96	2.48	1.4	2.29	2.04	0.44	0.25	1.15	M	0	0	0	0
CMC_PITT_179	7|19	<AL-BS-3>	<AL>	2	1	2	2	0	0	1	BD	CMC	0.96	0.96	1.92	0.96	1.92	1.92	0	0	0.96	M	0	1	0	0
CMC_PITT_128	10|14	<AL-BL-2>	<AL-BS-other>	2	2	3	2	0	1	1	BD	CMC	0.59	0.96	2.12	1.77	2.85	2.12	0	0.73	1.04	M	0	1	1	0
CMC_PITT_174	17|11	<AL-BS-2>	<AL-BL-other>	2	2	3	2	0	1	1	CTL	CMC	0.94	0.51	2.06	1.85	2.94	2.06	0	0.88	0.97	M	0	1	1	0
CMC_PITT_136	4|17	<AL-BL-3>	<AL-BS-2>	2	2	3	2	0	1	1	BD	CMC	0.45	0.95	2.01	1.9	2.66	2.01	0	0.65	1.25	M	0	1	1	0
CMC_MSSM_012	3|3	<BS>	<BS>	0	2	0	0	0	0	2	BD	CMC	0.94	0.94	0.03	1.88	0.03	0.03	0	0	1.88	F	2	0	0	0
CMC_MSSM_017	10|4	<AL-BL-2>	<AL-BL-3>	2	2	4	2	0	2	0	BD	CMC	0.66	0.59	2.29	1.67	3.85	2.29	0	1.56	0.11	F	0	0	2	0
CMC_PITT_170	4|7	<AL-BL-3>	<AL-BS-3>	2	2	3	2	0	1	1	CTL	CMC	0.54	0.96	2.29	1.87	3.19	2.29	0	0.9	0.97	F	0	1	1	0
CMC_PITT_131	5|4	<AL-AS-BL>	<AL-BL-3>	3	2	4	2	1	2	0	BD	CMC	0.65	0.61	2.55	1.87	3.76	1.9	0.65	1.86	0.01	F	0	0	1	0
CMC_PITT_171	10|1	<AL-BL-2>	<AL-AL-1>	3	1	4	3	0	1	0	BD	CMC	0.75	0.95	2.95	0.99	3.94	2.95	0	0.99	0	M	0	0	1	1
CMC_PITT_149	6|8	<AL-AL-2>	<AL-BS-4>	3	1	3	3	0	0	1	CTL	CMC	0.73	0.96	3.02	1.02	3.06	3.02	0	0.04	0.98	M	0	1	0	1
CMC_PITT_132	1|8	<AL-AL-1>	<AL-BS-4>	3	1	3	3	0	0	1	BD	CMC	0.95	0.96	2.87	0.97	2.88	2.87	0	0.01	0.96	M	0	1	0	1
CMC_PITT_134	10|7	<AL-BL-2>	<AL-BS-3>	2	2	3	2	0	1	1	BD	CMC	0.62	0.96	2.2	1.66	2.88	2.2	0	0.68	0.98	M	0	1	1	0
CMC_PITT_140	3|8	<BS>	<AL-BS-4>	1	2	1	1	0	0	2	CTL	CMC	0.95	0.96	0.97	1.91	0.97	0.97	0	0	1.91	F	1	1	0	0
CMC_PITT_138	6|7	<AL-AL-2>	<AL-BS-3>	3	1	3	3	0	0	1	BD	CMC	0.7	0.96	3.03	1.03	3.08	3.03	0	0.05	0.98	F	0	1	0	1
CMC_PITT_125	10|2	<AL-BL-2>	<AL-BS-1>	2	2	3	2	0	1	1	BD	CMC	0.68	0.52	2.17	1.74	3.35	2.17	0	1.18	0.56	F	0	1	1	0
CMC_MSSM_019	19|4	<AL>	<AL-BL-3>	2	1	3	2	0	1	0	BD	CMC	0.96	0.77	2.04	0.91	2.92	2.04	0	0.88	0.03	M	0	0	1	0
CMC_PITT_142	9|11	<AL-BS-5>	<AL-BL-other>	2	2	3	2	0	1	1	BD	CMC	0.96	0.96	1.92	1.92	2.88	1.92	0	0.96	0.96	M	0	1	1	0
CMC_PITT_137	3|6	<BS>	<AL-AL-2>	2	1	2	2	0	0	1	CTL	CMC	0.95	0.7	2.08	1.02	2.13	2.08	0	0.05	0.97	M	1	0	0	1
CMC_PITT_172	11|10	<AL-BL-other>	<AL-BL-2>	2	2	4	2	0	2	0	BD	CMC	0.37	0.69	2.56	1.5	3.83	2.53	0.03	1.3	0.2	M	0	0	2	0
CMC_PITT_173	3|16	<BS>	<AL-AS-BS-BS>	2	3	1	1	1	0	3	CTL	CMC	0.99	0.37	1.46	2.25	1.35	1.08	0.38	0.27	1.98	M	1	0	0	0
CMC_PITT_139	17|1	<AL-BS-2>	<AL-AL-1>	3	1	3	3	0	0	1	BD	CMC	0.95	0.72	2.89	1.21	2.9	2.89	0	0.01	1.2	M	0	1	0	1
CMC_MSSM_020	4|11	<AL-BL-3>	<AL-BL-other>	2	2	4	2	0	2	0	BD	CMC	0.63	1.02	2.11	1.77	3.87	2.11	0	1.76	0.01	F	0	0	2	0
CMC_PITT_181	11|12	<AL-BL-other>	<AL-BL-1>	2	2	4	2	0	2	0	BD	CMC	0.9	0.44	1.98	1.91	3.87	1.98	0	1.89	0.02	F	0	0	2	0
CMC_PITT_124	7|11	<AL-BS-3>	<AL-BL-other>	2	2	3	2	0	1	1	BD	CMC	0.96	0.96	1.92	1.92	2.88	1.92	0	0.96	0.96	F	0	1	1	0
CMC_PITT_145	4|6	<AL-BL-3>	<AL-AL-2>	3	1	4	3	0	1	0	BD	CMC	0.68	0.78	2.89	0.99	3.86	2.89	0	0.97	0.02	F	0	0	1	1
CMC_PITT_130	4|7	<AL-BL-3>	<AL-BS-3>	2	2	3	2	0	1	1	BD	CMC	0.44	0.96	1.99	1.91	2.91	1.99	0	0.92	0.99	F	0	1	1	0
CMC_PITT_183	4|8	<AL-BL-3>	<AL-BS-4>	2	2	3	2	0	1	1	BD	CMC	0.33	0.98	1.97	1.9	2.57	1.97	0	0.6	1.3	F	0	1	1	0
CMC_MSSM_009	21|10	<AL-BS-BS>	<AL-BL-2>	2	3	3	2	0	1	2	BD	CMC	0.65	0.62	2.16	2.39	2.9	2.16	0	0.74	1.65	M	0	1	1	0
CMC_PITT_176	7|10	<AL-BS-3>	<AL-BL-2>	2	2	3	2	0	1	1	CTL	CMC	0.96	0.75	2.01	1.91	2.95	2.01	0	0.94	0.97	F	0	1	1	0
CMC_PITT_129	5|9	<AL-AS-BL>	<AL-BS-5>	3	2	3	2	1	1	1	CTL	CMC	0.84	0.96	2.76	1.92	2.88	1.92	0.84	0.96	0.96	M	0	1	0	0
CMC_PITT_178	4|11	<AL-BL-3>	<AL-BL-other>	2	2	4	2	0	2	0	BD	CMC	0.7	0.97	2.07	1.85	3.91	2.07	0	1.84	0.01	M	0	0	2	0
CMC_PITT_177	3|7	<BS>	<AL-BS-3>	1	2	1	1	0	0	2	CTL	CMC	0.95	0.91	1.02	1.93	1.07	1.02	0	0.05	1.88	M	1	1	0	0
CMC_PITT_182	17|11	<AL-BS-2>	<AL-BL-other>	2	2	3	2	0	1	1	BD	CMC	0.93	0.81	1.98	1.94	2.93	1.98	0	0.95	0.99	M	0	1	1	0
CMC_MSSM_022	8|10	<AL-BS-4>	<AL-BL-2>	2	2	3	2	0	1	1	BD	CMC	0.96	0.64	2.15	1.71	2.88	2.15	0	0.73	0.98	F	0	1	1	0
CMC_PITT_146	2|16	<AL-BS-1>	<AL-AS-BS-BS>	3	3	2	2	1	0	3	CTL	CMC	0.93	0.96	2.9	2.89	1.97	1.94	0.96	0.03	2.86	M	0	1	0	0
CMC_PITT_141	6|17	<AL-AL-2>	<AL-BS-2>	3	1	3	3	0	0	1	BD	CMC	0.74	0.93	3	1.01	3.04	3	0	0.04	0.97	M	0	1	0	1
CMC_PITT_133	4|8	<AL-BL-3>	<AL-BS-4>	2	2	3	2	0	1	1	CTL	CMC	0.52	0.96	2.07	1.85	2.72	2.07	0	0.65	1.2	F	0	1	1	0
CMC_PITT_150	7|4	<AL-BS-3>	<AL-BL-3>	2	2	3	2	0	1	1	BD	CMC	0.96	0.79	2.01	1.89	2.93	2.01	0	0.92	0.97	F	0	1	1	0
CMC_PITT_161	4|8	<AL-BL-3>	<AL-BS-4>	2	2	3	2	0	1	1	CTL	CMC	0.91	0.95	1.97	1.93	2.95	1.97	0	0.98	0.95	M	0	1	1	0
CMC_PITT_152	8|12	<AL-BS-4>	<AL-BL-1>	2	2	3	2	0	1	1	BD	CMC	0.96	0.61	2	1.9	2.91	2	0	0.91	0.99	M	0	1	1	0
CMC_MSSM_011	4|4	<AL-BL-3>	<AL-BL-3>	2	2	4	2	0	2	0	BD	CMC	0.735	0.735	2.16	1.78	3.84	2.16	0	1.68	0.1	M	0	0	2	0
CMC_PITT_166	14|12	<AL-BS-other>	<AL-BL-1>	2	2	3	2	0	1	1	CTL	CMC	0.19	0.97	2	1.82	3.31	2	0	1.31	0.51	F	0	1	1	0
CMC_PITT_154	9|21	<AL-BS-5>	<AL-BS-BS>	2	3	2	2	0	0	3	BD	CMC	0.71	0.94	1.83	2.85	1.93	1.83	0	0.1	2.75	F	0	2	0	0
CMC_PITT_147	7|10	<AL-BS-3>	<AL-BL-2>	2	2	3	2	0	1	1	CTL	CMC	0.91	0.71	1.82	1.94	2.82	1.82	0	1	0.94	F	0	1	1	0
CMC_PITT_156	10|4	<AL-BL-2>	<AL-BL-3>	2	2	4	2	0	2	0	BD	CMC	0.82	0.79	2.06	1.9	3.92	2.06	0	1.86	0.04	F	0	0	2	0
CMC_PITT_168	4|13	<AL-BL-3>	<AL-AL-BL>	3	2	5	3	0	2	0	CTL	CMC	0.78	0.86	2.9	1.83	4.66	2.9	0	1.76	0.07	M	0	0	1	1
CMC_PITT_157	3|4	<BS>	<AL-BL-3>	1	2	2	1	0	1	1	BD	CMC	0.95	0.54	1.1	1.87	1.9	1.1	0	0.8	1.07	M	1	0	1	0
CMC_MSSM_024	2|8	<AL-BS-1>	<AL-BS-4>	2	2	2	2	0	0	2	BD	CMC	0.95	0.96	1.93	1.92	1.93	1.93	0	0	1.92	M	0	2	0	0
CMC_MSSM_013	1|4	<AL-AL-1>	<AL-BL-3>	3	1	4	3	0	1	0	BD	CMC	0.96	0.51	3.08	0.88	3.95	3.08	0	0.87	0.01	F	0	0	1	1
CMC_PITT_163	10|8	<AL-BL-2>	<AL-BS-4>	2	2	3	2	0	1	1	CTL	CMC	0.84	0.96	1.96	1.94	2.93	1.96	0	0.97	0.97	F	0	1	1	0
CMC_PITT_160	3|17	<BS>	<AL-BS-2>	1	2	1	1	0	0	2	BD	CMC	0.95	0.94	0.97	1.91	0.97	0.97	0	0	1.91	F	1	1	0	0
CMC_PITT_155	11|12	<AL-BL-other>	<AL-BL-1>	2	2	4	2	0	2	0	CTL	CMC	0.96	0.91	1.94	1.92	3.86	1.94	0	1.92	0	M	0	0	2	0
CMC_PITT_162	9|4	<AL-BS-5>	<AL-BL-3>	2	2	3	2	0	1	1	BD	CMC	0.96	0.67	2.11	1.8	2.91	2.11	0	0.8	1	M	0	1	1	0
CMC_MSSM_002	4|8	<AL-BL-3>	<AL-BS-4>	2	2	3	2	0	1	1	BD	CMC	0.58	0.98	2.06	1.83	2.88	2.06	0	0.82	1.01	M	0	1	1	0
CMC_PITT_153	8|4	<AL-BS-4>	<AL-BL-3>	2	2	3	2	0	1	1	CTL	CMC	0.95	0.8	1.98	1.9	2.92	1.98	0	0.94	0.96	M	0	1	1	0
CMC_PITT_126	3|3	<BS>	<BS>	0	2	0	0	0	0	2	BD	CMC	0.94	0.94	0.03	1.88	0.03	0.03	0	0	1.88	M	2	0	0	0
CMC_PITT_151	11|10	<AL-BL-other>	<AL-BL-2>	2	2	4	2	0	2	0	BD	CMC	0.99	0.82	1.97	1.91	3.88	1.97	0	1.91	0	M	0	0	2	0
CMC_PITT_165	1|3	<AL-AL-1>	<BS>	2	1	2	2	0	0	1	CTL	CMC	0.57	0.93	1.78	1.35	2	1.78	0	0.22	1.13	M	1	0	0	1
CMC_PITT_159	6|4	<AL-AL-2>	<AL-BL-3>	3	1	4	3	0	1	0	BD	CMC	0.79	0.97	2.95	1.01	3.94	2.95	0	0.99	0.02	M	0	0	1	1
CMC_MSSM_003	17|2	<AL-BS-2>	<AL-BS-1>	2	2	2	2	0	0	2	BD	CMC	0.93	0.96	1.92	1.92	1.92	1.92	0	0	1.92	M	0	2	0	0
CMC_PITT_169	2|10	<AL-BS-1>	<AL-BL-2>	2	2	3	2	0	1	1	CTL	CMC	0.83	0.75	2.03	1.93	3.1	2.03	0	1.07	0.86	F	0	1	1	0
CMC_PITT_158	1|4	<AL-AL-1>	<AL-BL-3>	3	1	4	3	0	1	0	BD	CMC	0.95	0.4	3	0.94	3.6	3	0	0.6	0.34	F	0	0	1	1
CMC_PITT_167	10|5	<AL-BL-2>	<AL-AS-BL>	3	2	4	2	1	2	0	BD	CMC	0.82	0.93	2.91	1.91	3.89	1.98	0.93	1.91	0	M	0	0	1	0
Br822	3|2	<BS>	<AL-BS-1>	1	2	1	1	0	0	2	CTL	CMCset1	0.95	0.57	1.04	1.94	1.43	1.04	0	0.39	1.55	M	1	1	0	0
Br1512	11|6	<AL-BL-other>	<AL-AL-2>	3	1	4	3	0	1	0	CTL	CMCset1	0.96	0.74	3	1.04	4.03	3	0	1.03	0.01	F	0	0	1	1
Br1861	3|12	<BS>	<AL-BL-1>	1	2	2	1	0	1	1	CTL	CMCset1	0.95	0.89	0.99	1.91	1.95	0.99	0	0.96	0.95	M	1	0	1	0
Br1860	4|5	<AL-BL-3>	<AL-AS-BL>	3	2	4	2	1	2	0	CTL	CMCset1	0.6	0.64	2.68	1.91	3.79	2.04	0.64	1.75	0.16	M	0	0	1	0
Br1669	8|14	<AL-BS-4>	<AL-BS-other>	2	2	2	2	0	0	2	CTL	CMCset1	1.02	0.19	1.99	1.83	2.36	1.99	0	0.37	1.46	F	0	2	0	0
Br1880	4|7	<AL-BL-3>	<AL-BS-3>	2	2	3	2	0	1	1	CTL	CMCset1	0.55	0.96	2.28	1.83	3.12	2.28	0	0.84	0.99	M	0	1	1	0
Br1865	3|3	<BS>	<BS>	0	2	0	0	0	0	2	CTL	CMCset1	0.94	0.94	0.03	1.88	0.03	0.03	0	0	1.88	F	2	0	0	0
Br1023	21|17	<AL-BS-BS>	<AL-BS-2>	2	3	2	2	0	0	3	CTL	CMCset1	0.63	0.94	1.92	2.55	1.92	1.92	0	0	2.55	M	0	2	0	0
Br1409	14|11	<AL-BS-other>	<AL-BL-other>	2	2	3	2	0	1	1	CTL	CMCset1	0.96	0.96	1.92	1.92	2.88	1.92	0	0.96	0.96	F	0	1	1	0
Br1383	1|10	<AL-AL-1>	<AL-BL-2>	3	1	4	3	0	1	0	SCZ	CMCset2	0.95	0.69	2.97	0.89	3.83	2.97	0	0.86	0.03	M	0	0	1	1
Br1738	3|12	<BS>	<AL-BL-1>	1	2	2	1	0	1	1	SCZ	CMCset2	0.95	0.9	0.98	1.9	1.93	0.98	0	0.95	0.95	M	1	0	1	0
Br983	6|4	<AL-AL-2>	<AL-BL-3>	3	1	4	3	0	1	0	SCZ	CMCset2	0.8	0.68	3.16	0.92	4.02	3.16	0	0.86	0.06	M	0	0	1	1
Br1016	4|7	<AL-BL-3>	<AL-BS-3>	2	2	3	2	0	1	1	SCZ	CMCset2	0.78	0.96	2.06	1.88	2.96	2.06	0	0.9	0.98	M	0	1	1	0
Br869	9|3	<AL-BS-5>	<BS>	1	2	1	1	0	0	2	SCZ	CMCset2	0.96	0.95	0.97	1.91	0.97	0.97	0	0	1.91	F	1	1	0	0
Br1339	4|10	<AL-BL-3>	<AL-BL-2>	2	2	4	2	0	2	0	SCZ	CMCset2	0.94	0.86	1.94	1.9	3.84	1.94	0	1.9	0	F	0	0	2	0
Br1487	4|4	<AL-BL-3>	<AL-BL-3>	2	2	4	2	0	2	0	SCZ	CMCset2	0.53	0.53	2.68	1.8	4.46	2.68	0	1.78	0.02	M	0	0	2	0
Br1425	4|10	<AL-BL-3>	<AL-BL-2>	2	2	4	2	0	2	0	SCZ	CMCset2	0.43	0.62	2.51	1.47	3.92	2.51	0	1.41	0.06	M	0	0	2	0
Br1427	4|11	<AL-BL-3>	<AL-BL-other>	2	2	4	2	0	2	0	SCZ	CMCset2	0.87	0.98	1.96	1.92	3.88	1.96	0	1.92	0	M	0	0	2	0
Br1499	2|4	<AL-BS-1>	<AL-BL-3>	2	2	3	2	0	1	1	SCZ	CMCset2	0.86	0.64	2.17	1.82	3.08	2.17	0	0.91	0.91	F	0	1	1	0
Br1578	3|2	<BS>	<AL-BS-1>	1	2	1	1	0	0	2	SCZ	CMCset2	0.8	0.89	1.17	1.86	1.27	1.17	0	0.1	1.76	M	1	1	0	0
Br1591	12|4	<AL-BL-1>	<AL-BL-3>	2	2	4	2	0	2	0	SCZ	CMCset2	0.94	0.54	2.34	1.84	4.17	2.34	0	1.83	0.01	M	0	0	2	0
Br1245	14|3	<AL-BS-other>	<BS>	1	2	1	1	0	0	2	SCZ	CMCset2	0.4	0.97	1.02	1.89	1.22	1.02	0	0.2	1.69	M	1	1	0	0
Br1842	10|12	<AL-BL-2>	<AL-BL-1>	2	2	4	2	0	2	0	SCZ	CMCset2	0.78	0.9	2.02	1.91	3.92	2.02	0	1.9	0.01	M	0	0	2	0
Br1093	5|10	<AL-AS-BL>	<AL-BL-2>	3	2	4	2	1	2	0	SCZ	CMCset2	0.94	0.74	2.95	1.96	3.97	2.01	0.94	1.96	0	F	0	0	1	0
Br1139	11|10	<AL-BL-other>	<AL-BL-2>	2	2	4	2	0	2	0	SCZ	CMCset2	0.9	0.67	2.17	1.72	3.86	2.17	0	1.69	0.03	F	0	0	2	0
Br2212	2|4	<AL-BS-1>	<AL-BL-3>	2	2	3	2	0	1	1	SCZ	CMCset2	0.56	0.82	1.91	1.93	3.24	1.91	0	1.33	0.6	M	0	1	1	0
Br2194	10|17	<AL-BL-2>	<AL-BS-2>	2	2	3	2	0	1	1	SCZ	CMCset2	0.75	0.94	2.01	1.91	2.95	2.01	0	0.94	0.97	M	0	1	1	0
Br2186	12|6	<AL-BL-1>	<AL-AL-2>	3	1	4	3	0	1	0	SCZ	CMCset2	0.77	0.76	3.06	1.01	4.04	3.06	0	0.98	0.03	M	0	0	1	1
Br2192	8|3	<AL-BS-4>	<BS>	1	2	1	1	0	0	2	SCZ	CMCset2	0.96	0.95	0.97	1.91	0.97	0.97	0	0	1.91	F	1	1	0	0
Br2185	8|6	<AL-BS-4>	<AL-AL-2>	3	1	3	3	0	0	1	SCZ	CMCset2	0.96	0.78	3	1.02	3.04	3	0	0.04	0.98	F	0	1	0	1
Br2166	4|7	<AL-BL-3>	<AL-BS-3>	2	2	3	2	0	1	1	SCZ	CMCset2	0.95	0.89	1.96	1.93	2.97	1.96	0	1.01	0.92	M	0	1	1	0
Br2201	14|3	<AL-BS-other>	<BS>	1	2	1	1	0	0	2	SCZ	CMCset2	0.96	0.95	0.97	1.91	0.97	0.97	0	0	1.91	F	1	1	0	0
Br2170	4|4	<AL-BL-3>	<AL-BL-3>	2	2	4	2	0	2	0	SCZ	CMCset2	0.665	0.665	2.09	1.79	3.86	2.09	0	1.77	0.02	M	0	0	2	0
Br2178	12|9	<AL-BL-1>	<AL-BS-5>	2	2	3	2	0	1	1	SCZ	CMCset2	0.94	0.95	1.91	1.92	2.87	1.91	0	0.96	0.96	F	0	1	1	0
Br2183	3|4	<BS>	<AL-BL-3>	1	2	2	1	0	1	1	SCZ	CMCset2	0.94	0.44	1.29	1.76	2.05	1.28	0.01	0.77	0.99	M	1	0	1	0
Br2204	6|9	<AL-AL-2>	<AL-BS-5>	3	1	3	3	0	0	1	SCZ	CMCset2	0.52	0.96	2.67	1.31	2.94	2.67	0	0.27	1.04	M	0	1	0	1
Br2161	10|14	<AL-BL-2>	<AL-BS-other>	2	2	3	2	0	1	1	SCZ	CMCset2	0.33	0.96	2.01	1.98	2.88	2.01	0	0.87	1.11	M	0	1	1	0
Br2148	6|3	<AL-AL-2>	<BS>	2	1	2	2	0	0	1	SCZ	CMCset2	0.74	0.95	2.09	1.01	2.13	2.09	0	0.04	0.97	F	1	0	0	1
Br2154	11|9	<AL-BL-other>	<AL-BS-5>	2	2	3	2	0	1	1	SCZ	CMCset2	0.52	0.82	1.93	1.86	2.81	1.93	0	0.88	0.98	F	0	1	1	0
Br2160	8|2	<AL-BS-4>	<AL-BS-1>	2	2	2	2	0	0	2	SCZ	CMCset2	0.96	0.96	1.92	1.92	1.92	1.92	0	0	1.92	M	0	2	0	0
Br2137	10|4	<AL-BL-2>	<AL-BL-3>	2	2	4	2	0	2	0	SCZ	CMCset2	0.77	0.38	2.38	1.73	4.07	2.38	0	1.69	0.04	F	0	0	2	0
Br2146	4|1	<AL-BL-3>	<AL-AL-1>	3	1	4	3	0	1	0	SCZ	CMCset2	0.48	0.57	2.85	1.29	3.85	2.85	0	1	0.29	M	0	0	1	1
Br2156	4|4	<AL-BL-3>	<AL-BL-3>	2	2	4	2	0	2	0	SCZ	CMCset2	0.525	0.525	2.26	1.67	3.74	2.26	0	1.48	0.19	M	0	0	2	0
Br2214	1|14	<AL-AL-1>	<AL-BS-other>	3	1	3	3	0	0	1	SCZ	CMCset2	0.95	0.96	2.87	0.97	2.88	2.87	0	0.01	0.96	M	0	1	0	1
Br2225	4|4	<AL-BL-3>	<AL-BL-3>	2	2	4	2	0	2	0	SCZ	CMCset2	0.6	0.6	2.13	1.89	3.53	2.13	0	1.4	0.49	M	0	0	2	0
Br2196	11|2	<AL-BL-other>	<AL-BS-1>	2	2	3	2	0	1	1	SCZ	CMCset2	0.95	0.96	1.92	1.92	2.88	1.92	0	0.96	0.96	F	0	1	1	0
Br2207	4|11	<AL-BL-3>	<AL-BL-other>	2	2	4	2	0	2	0	SCZ	CMCset2	0.6	0.96	2.23	1.85	4.07	2.23	0	1.84	0.01	M	0	0	2	0
Br2209	10|4	<AL-BL-2>	<AL-BL-3>	2	2	4	2	0	2	0	SCZ	CMCset2	0.66	0.37	2.18	1.78	3.49	2.18	0	1.31	0.47	F	0	0	2	0
Br2187	4|10	<AL-BL-3>	<AL-BL-2>	2	2	4	2	0	2	0	SCZ	CMCset2	0.6	0.75	2.32	1.83	4.13	2.32	0	1.81	0.02	M	0	0	2	0
Br2242	8|3	<AL-BS-4>	<BS>	1	2	1	1	0	0	2	SCZ	CMCset2	0.96	0.95	0.97	1.91	0.97	0.97	0	0	1.91	F	1	1	0	0
Br1189	4|4	<AL-BL-3>	<AL-BL-3>	2	2	4	2	0	2	0	SCZ	CMCset2	0.905	0.905	1.96	1.92	3.88	1.96	0	1.92	0	F	0	0	2	0
Br1580	9|8	<AL-BS-5>	<AL-BS-4>	2	2	2	2	0	0	2	SCZ	CMCset2	0.96	0.96	1.92	1.92	1.92	1.92	0	0	1.92	F	0	2	0	0
Br2098	8|4	<AL-BS-4>	<AL-BL-3>	2	2	3	2	0	1	1	SCZ	CMCset2	0.46	0.84	2	1.87	3.41	2	0	1.41	0.46	M	0	1	1	0
Br2219	14|1	<AL-BS-other>	<AL-AL-1>	3	1	3	3	0	0	1	SCZ	CMCset2	0.96	0.93	2.88	0.99	2.88	2.88	0	0	0.99	M	0	1	0	1
Br2228	4|9	<AL-BL-3>	<AL-BS-5>	2	2	3	2	0	1	1	SCZ	CMCset2	0.43	0.96	2.09	1.84	2.95	2.09	0	0.86	0.98	M	0	1	1	0
Br2158	8|6	<AL-BS-4>	<AL-AL-2>	3	1	3	3	0	0	1	SCZ	CMCset2	0.96	0.78	2.97	1.02	3.01	2.97	0	0.04	0.98	M	0	1	0	1
Br2163	4|10	<AL-BL-3>	<AL-BL-2>	2	2	4	2	0	2	0	SCZ	CMCset2	0.88	0.65	2.24	1.7	3.92	2.24	0	1.68	0.02	F	0	0	2	0
Br2221	7|11	<AL-BS-3>	<AL-BL-other>	2	2	3	2	0	1	1	SCZ	CMCset2	0.96	0.34	2.07	1.93	2.87	2.02	0.05	0.85	1.08	M	0	1	1	0
Br2226	10|10	<AL-BL-2>	<AL-BL-2>	2	2	4	2	0	2	0	SCZ	CMCset2	0.705	0.705	2.08	1.69	3.74	2.08	0	1.66	0.03	M	0	0	2	0
Br1203	14|17	<AL-BS-other>	<AL-BS-2>	2	2	2	2	0	0	2	SCZ	CMCset2	0.98	0.49	2.03	1.91	2.27	2.03	0	0.24	1.67	M	0	2	0	0
Br2236	4|19	<AL-BL-3>	<AL>	2	1	3	2	0	1	0	SCZ	CMCset2	0.95	0.96	1.92	0.96	2.88	1.92	0	0.96	0	M	0	0	1	0
Br2133	4|3	<AL-BL-3>	<BS>	1	2	2	1	0	1	1	SCZ	CMCset2	0.7	0.94	1.12	1.86	2.02	1.12	0	0.9	0.96	F	1	0	1	0
Br2151	11|10	<AL-BL-other>	<AL-BL-2>	2	2	4	2	0	2	0	SCZ	CMCset2	0.98	0.36	2.09	1.83	3.65	2.09	0	1.56	0.27	F	0	0	2	0
Br1946	3|8	<BS>	<AL-BS-4>	1	2	1	1	0	0	2	SCZ	CMCset2	0.94	0.96	0.98	1.9	0.98	0.98	0	0	1.9	F	1	1	0	0
Br1958	5|10	<AL-AS-BL>	<AL-BL-2>	3	2	4	2	1	2	0	SCZ	CMCset2	0.93	0.75	2.93	1.9	3.89	2	0.93	1.89	0.01	F	0	0	1	0
Br2213	7|2	<AL-BS-3>	<AL-BS-1>	2	2	2	2	0	0	2	SCZ	CMCset2	0.96	0.51	1.95	1.95	2.39	1.95	0	0.44	1.51	M	0	2	0	0
Br1923	3|8	<BS>	<AL-BS-4>	1	2	1	1	0	0	2	SCZ	CMCset2	0.95	0.96	0.97	1.91	0.97	0.97	0	0	1.91	M	1	1	0	0
Br2097	9|10	<AL-BS-5>	<AL-BL-2>	2	2	3	2	0	1	1	SCZ	CMCset2	0.96	0.75	2.01	1.91	2.95	2.01	0	0.94	0.97	M	0	1	1	0
Br1594	10|3	<AL-BL-2>	<BS>	1	2	2	1	0	1	1	SCZ	CMCset2	0.62	0.95	1.26	1.65	1.94	1.26	0	0.68	0.97	M	1	0	1	0
Br2177	4|4	<AL-BL-3>	<AL-BL-3>	2	2	4	2	0	2	0	SCZ	CMCset2	0.505	0.505	2.44	1.64	4.01	2.44	0	1.57	0.07	F	0	0	2	0
Br2099	6|8	<AL-AL-2>	<AL-BS-4>	3	1	3	3	0	0	1	SCZ	CMCset2	0.75	0.95	3	1.02	3.05	3	0	0.05	0.97	F	0	1	0	1
Br2104	1|2	<AL-AL-1>	<AL-BS-1>	3	1	3	3	0	0	1	SCZ	CMCset2	0.91	0.77	2.86	1.01	3.06	2.86	0	0.2	0.81	M	0	1	0	1
Br2092	4|4	<AL-BL-3>	<AL-BL-3>	2	2	4	2	0	2	0	SCZ	CMCset2	0.66	0.66	2.3	1.77	4.02	2.29	0.01	1.73	0.04	M	0	0	2	0
Br2094	4|3	<AL-BL-3>	<BS>	1	2	2	1	0	1	1	SCZ	CMCset2	0.6	0.95	0.76	1.88	1.69	0.76	0	0.93	0.95	M	1	0	1	0
Br2227	8|10	<AL-BS-4>	<AL-BL-2>	2	2	3	2	0	1	1	CTL	CMCset2	0.48	0.74	1.96	1.97	3.39	1.96	0	1.43	0.54	M	0	1	1	0
Br2216	10|8	<AL-BL-2>	<AL-BS-4>	2	2	3	2	0	1	1	CTL	CMCset2	0.68	0.94	2.15	1.71	2.9	2.15	0	0.75	0.96	M	0	1	1	0
Br2107	1|14	<AL-AL-1>	<AL-BS-other>	3	1	3	3	0	0	1	SCZ	CMCset2	0.94	0.96	2.86	0.98	2.88	2.86	0	0.02	0.96	M	0	1	0	1
Br1684	4|4	<AL-BL-3>	<AL-BL-3>	2	2	4	2	0	2	0	SCZ	CMCset2	0.72	0.72	2.07	1.84	3.81	2.07	0	1.74	0.1	F	0	0	2	0
Br1648	6|4	<AL-AL-2>	<AL-BL-3>	3	1	4	3	0	1	0	SCZ	CMCset2	0.91	0.43	3.2	0.98	4.1	3.2	0	0.9	0.08	F	0	0	1	1
Br1988	10|4	<AL-BL-2>	<AL-BL-3>	2	2	4	2	0	2	0	SCZ	CMCset2	0.88	0.26	2.16	1.85	3.76	2.11	0.05	1.65	0.2	M	0	0	2	0
Br2217	4|3	<AL-BL-3>	<BS>	1	2	2	1	0	1	1	CTL	CMCset2	0.7	0.95	1.11	1.87	2.01	1.11	0	0.9	0.97	M	1	0	1	0
Br2224	3|7	<BS>	<AL-BS-3>	1	2	1	1	0	0	2	CTL	CMCset2	0.94	0.96	0.98	1.9	0.98	0.98	0	0	1.9	F	1	1	0	0
Br2180	1|10	<AL-AL-1>	<AL-BL-2>	3	1	4	3	0	1	0	CTL	CMCset2	0.77	0.82	2.81	1.2	3.94	2.8	0.01	1.14	0.06	M	0	0	1	1
Br2215	9|11	<AL-BS-5>	<AL-BL-other>	2	2	3	2	0	1	1	CTL	CMCset2	0.8	0.96	1.86	1.95	2.86	1.86	0	1	0.95	M	0	1	1	0
Br2149	10|6	<AL-BL-2>	<AL-AL-2>	3	1	4	3	0	1	0	CTL	CMCset2	0.72	0.33	2.62	1.38	3.51	2.62	0	0.89	0.49	F	0	0	1	1
Br2162	14|16	<AL-BS-other>	<AL-AS-BS-BS>	3	3	2	2	1	0	3	CTL	CMCset2	0.96	0.9	2.84	2.83	1.98	1.94	0.9	0.04	2.79	M	0	1	0	0
Br2130	4|4	<AL-BL-3>	<AL-BL-3>	2	2	4	2	0	2	0	CTL	CMCset2	0.68	0.68	2.22	1.75	3.91	2.21	0.01	1.7	0.05	M	0	0	2	0
Br1909	17|10	<AL-BS-2>	<AL-BL-2>	2	2	3	2	0	1	1	CTL	CMCset2	0.95	0.59	2.14	1.78	2.88	2.14	0	0.74	1.04	M	0	1	1	0
Br2230	6|6	<AL-AL-2>	<AL-AL-2>	4	0	4	4	0	0	0	CTL	CMCset2	0.715	0.715	3.89	0.25	4.09	3.89	0	0.2	0.05	M	0	0	0	2
Br2080	10|1	<AL-BL-2>	<AL-AL-1>	3	1	4	3	0	1	0	CTL	CMCset2	0.78	0.93	2.97	0.99	3.92	2.97	0	0.95	0.04	M	0	0	1	1
Br2292	4|8	<AL-BL-3>	<AL-BS-4>	2	2	3	2	0	1	1	SCZ	CMCset2	0.64	0.94	2.17	1.79	2.99	2.17	0	0.82	0.97	M	0	1	1	0
Br2026	3|3	<BS>	<BS>	0	2	0	0	0	0	2	CTL	CMCset2	0.94	0.94	0.03	1.88	0.03	0.03	0	0	1.88	M	2	0	0	0
Br2084	4|3	<AL-BL-3>	<BS>	1	2	2	1	0	1	1	CTL	CMCset2	0.5	0.95	1.08	1.87	1.91	1.08	0	0.83	1.04	M	1	0	1	0
Br2206	11|9	<AL-BL-other>	<AL-BS-5>	2	2	3	2	0	1	1	CTL	CMCset2	0.46	0.93	2.05	1.85	2.92	2.05	0	0.87	0.98	M	0	1	1	0
Br1676	4|4	<AL-BL-3>	<AL-BL-3>	2	2	4	2	0	2	0	SCZ	CMCset2	0.71	0.71	2.2	1.81	3.98	2.2	0	1.78	0.03	M	0	0	2	0
Br942	9|8	<AL-BS-5>	<AL-BS-4>	2	2	2	2	0	0	2	CTL	CMCset2	0.96	0.96	1.92	1.92	1.92	1.92	0	0	1.92	M	0	2	0	0
Br2009	3|5	<BS>	<AL-AS-BL>	2	2	2	1	1	1	1	SCZ	CMCset2	0.95	0.65	1.62	1.91	1.93	0.97	0.65	0.96	0.95	M	1	0	0	0
Br2271	6|10	<AL-AL-2>	<AL-BL-2>	3	1	4	3	0	1	0	SCZ	CMCset2	0.75	0.63	3.21	0.85	3.99	3.21	0	0.78	0.07	M	0	0	1	1
Br1756	1|16	<AL-AL-1>	<AL-AS-BS-BS>	4	2	3	3	1	0	2	CTL	CMCset2	0.97	0.44	3.42	1.41	3.23	2.98	0.44	0.25	1.16	F	0	0	0	1
Br1183	10|10	<AL-BL-2>	<AL-BL-2>	2	2	4	2	0	2	0	SCZ	CMCset2	0.75	0.75	2.24	1.67	3.88	2.24	0	1.64	0.03	F	0	0	2	0
Br1682	10|8	<AL-BL-2>	<AL-BS-4>	2	2	3	2	0	1	1	SCZ	CMCset3	0.62	0.95	2.21	1.65	2.89	2.21	0	0.68	0.97	M	0	1	1	0
Br1507	11|6	<AL-BL-other>	<AL-AL-2>	3	1	4	3	0	1	0	SCZ	CMCset3	0.4	0.9	3.1	0.92	4	3.1	0	0.9	0.02	M	0	0	1	1
Br1678	4|2	<AL-BL-3>	<AL-BS-1>	2	2	3	2	0	1	1	SCZ	CMCset3	0.52	0.96	1.99	1.91	2.67	1.99	0	0.68	1.23	M	0	1	1	0
2015-3234	4|4	<AL-BL-3>	<AL-BL-3>	2	2	4	2	0	2	0	BD	GVEX	0.17	0.17	2.02	1.76	2.99	2.01	0.01	0.98	0.78	M	0	0	2	0
2015-2609	4|4	<AL-BL-3>	<AL-BL-3>	2	2	4	2	0	2	0	SCZ	GVEX	0.16	0.16	2.06	1.76	2.96	2.05	0.01	0.91	0.85	M	0	0	2	0
2015-3235	10|4	<AL-BL-2>	<AL-BL-3>	2	2	4	2	0	2	0	SCZ	GVEX	0.34	0.36	2.09	1.78	3.2	2.08	0.01	1.12	0.66	M	0	0	2	0
2015-2610	4|4	<AL-BL-3>	<AL-BL-3>	2	2	4	2	0	2	0	SCZ	GVEX	0.19	0.19	2.03	1.71	3.06	2.02	0.01	1.04	0.67	M	0	0	2	0
2015-3236	4|4	<AL-BL-3>	<AL-BL-3>	2	2	4	2	0	2	0	BD	GVEX	0.195	0.195	2.04	1.7	3.1	2.03	0.01	1.07	0.63	F	0	0	2	0
2015-2623	4|4	<AL-BL-3>	<AL-BL-3>	2	2	4	2	0	2	0	BD	GVEX	0.19	0.19	2.06	1.72	3.13	2.05	0.01	1.08	0.64	F	0	0	2	0
2015-3237	8|11	<AL-BS-4>	<AL-BL-other>	2	2	3	2	0	1	1	CTL	GVEX	0.3	0.23	2.12	1.69	2.98	2.11	0.01	0.87	0.82	F	0	1	1	0
2015-3165	6|6	<AL-AL-2>	<AL-AL-2>	4	0	4	4	0	0	0	SCZ	GVEX	0.165	0.165	2.27	1.52	3.05	2.26	0.01	0.79	0.73	F	0	0	0	2
2015-3238	4|4	<AL-BL-3>	<AL-BL-3>	2	2	4	2	0	2	0	BD	GVEX	0.18	0.18	2.05	1.7	3.01	2.04	0.01	0.97	0.73	M	0	0	2	0
2015-3166	10|4	<AL-BL-2>	<AL-BL-3>	2	2	4	2	0	2	0	CTL	GVEX	0.39	0.34	2.02	1.75	3.08	2.01	0.01	1.07	0.68	M	0	0	2	0
2015-2603	4|4	<AL-BL-3>	<AL-BL-3>	2	2	4	2	0	2	0	BD	GVEX	0.185	0.185	2.06	1.72	3.01	2.05	0.01	0.96	0.76	M	0	0	2	0
2015-3278	6|4	<AL-AL-2>	<AL-BL-3>	3	1	4	3	0	1	0	BD	GVEX	0.21	0.28	2.15	1.64	3.02	2.14	0.01	0.88	0.76	M	0	0	1	1
2015-2625	4|4	<AL-BL-3>	<AL-BL-3>	2	2	4	2	0	2	0	SCZ	GVEX	0.17	0.17	2.07	1.7	3.04	2.06	0.01	0.98	0.72	M	0	0	2	0
2015-2626	3|4	<BS>	<AL-BL-3>	1	2	2	1	0	1	1	BD	GVEX	0.24	0.31	2.01	1.91	2.89	2	0.01	0.89	1.02	F	1	0	1	0
2015-3275	6|8	<AL-AL-2>	<AL-BS-4>	3	1	3	3	0	0	1	CTL	GVEX	0.2	0.33	2.14	1.68	2.92	2.13	0.01	0.79	0.89	M	0	1	0	1
2015-2627	11|6	<AL-BL-other>	<AL-AL-2>	3	1	4	3	0	1	0	SCZ	GVEX	0.3	0.22	2.19	1.62	3.12	2.18	0.01	0.94	0.68	M	0	0	1	1
2015-2628	14|4	<AL-BS-other>	<AL-BL-3>	2	2	3	2	0	1	1	SCZ	GVEX	0.39	0.27	2.04	1.79	2.82	2.01	0.03	0.81	0.98	M	0	1	1	0
2015-3281	4|4	<AL-BL-3>	<AL-BL-3>	2	2	4	2	0	2	0	CTL	GVEX	0.16	0.16	2.09	1.75	3.1	2.08	0.01	1.02	0.73	M	0	0	2	0
2015-3276	4|4	<AL-BL-3>	<AL-BL-3>	2	2	4	2	0	2	0	CTL	GVEX	0.185	0.185	2.12	1.77	3.1	2.04	0.08	1.06	0.71	M	0	0	2	0
2015-3280	4|7	<AL-BL-3>	<AL-BS-3>	2	2	3	2	0	1	1	SCZ	GVEX	0.31	0.22	2.04	1.71	2.95	2.03	0.01	0.92	0.79	M	0	1	1	0
2015-2629	4|12	<AL-BL-3>	<AL-BL-1>	2	2	4	2	0	2	0	CTL	GVEX	0.33	0.28	2.02	1.7	3.05	2.01	0.01	1.04	0.66	M	0	0	2	0
2015-2630	4|7	<AL-BL-3>	<AL-BS-3>	2	2	3	2	0	1	1	SCZ	GVEX	0.31	0.22	2.05	1.75	2.94	2.04	0.01	0.9	0.85	M	0	1	1	0
2015-3168	4|12	<AL-BL-3>	<AL-BL-1>	2	2	4	2	0	2	0	BD	GVEX	0.28	0.29	2.05	1.91	3.07	2.04	0.01	1.03	0.88	F	0	0	2	0
2015-3277	4|4	<AL-BL-3>	<AL-BL-3>	2	2	4	2	0	2	0	CTL	GVEX	0.24	0.24	2.05	1.76	3.12	2.04	0.01	1.08	0.68	F	0	0	2	0
2015-2881	4|4	<AL-BL-3>	<AL-BL-3>	2	2	4	2	0	2	0	BD	GVEX	0.19	0.19	1.97	1.75	2.95	1.96	0.01	0.99	0.76	F	0	0	2	0
2015-2882	6|11	<AL-AL-2>	<AL-BL-other>	3	1	4	3	0	1	0	CTL	GVEX	0.2	0.39	2.16	1.6	3.15	2.14	0.02	1.01	0.59	F	0	0	1	1
2015-2572	4|17	<AL-BL-3>	<AL-BS-2>	2	2	3	2	0	1	1	CTL	GVEX	0.2	0.67	2.04	2.02	2.81	2.03	0.01	0.78	1.24	M	0	1	1	0
2015-2885	9|17	<AL-BS-5>	<AL-BS-2>	2	2	2	2	0	0	2	SCZ	GVEX	0.24	0.77	2	1.9	2.51	1.99	0.01	0.52	1.38	M	0	2	0	0
2015-3229	4|5	<AL-BL-3>	<AL-AS-BL>	3	2	4	2	1	2	0	SCZ	GVEX	0.27	0.24	2.28	1.79	3.17	2.04	0.24	1.13	0.66	M	0	0	1	0
2015-2886	8|4	<AL-BS-4>	<AL-BL-3>	2	2	3	2	0	1	1	SCZ	GVEX	0.29	0.3	2.1	1.92	2.96	2.09	0.01	0.87	1.05	M	0	1	1	0
2015-2573	11|8	<AL-BL-other>	<AL-BS-4>	2	2	3	2	0	1	1	BD	GVEX	0.24	0.35	2.06	1.75	2.95	2.05	0.01	0.9	0.85	M	0	1	1	0
2015-2887	17|6	<AL-BS-2>	<AL-AL-2>	3	1	3	3	0	0	1	CTL	GVEX	0.66	0.18	2.15	1.75	2.73	2.14	0.01	0.59	1.16	M	0	1	0	1
2015-2888	4|4	<AL-BL-3>	<AL-BL-3>	2	2	4	2	0	2	0	SCZ	GVEX	0.165	0.165	2.04	1.78	2.91	2.03	0.01	0.88	0.9	M	0	0	2	0
2015-2917	4|24	<AL-BL-3>	<AL-BL-BS>	2	3	4	2	0	2	1	BD	GVEX	0.31	0.18	2.01	1.98	3.07	2	0.01	1.07	0.91	M	0	0	2	0
2015-2575	4|4	<AL-BL-3>	<AL-BL-3>	2	2	4	2	0	2	0	SCZ	GVEX	0.165	0.165	1.99	1.73	2.94	1.98	0.01	0.96	0.77	M	0	0	2	0
2015-2576	4|4	<AL-BL-3>	<AL-BL-3>	2	2	4	2	0	2	0	CTL	GVEX	0.18	0.18	2.02	1.71	2.98	2.01	0.01	0.97	0.74	M	0	0	2	0
2015-2605	3|4	<BS>	<AL-BL-3>	1	2	2	1	0	1	1	BD	GVEX	0.36	0.35	1.82	1.7	2.69	1.81	0.01	0.88	0.82	M	1	0	1	0
2015-2918	4|17	<AL-BL-3>	<AL-BS-2>	2	2	3	2	0	1	1	CTL	GVEX	0.29	0.65	2.05	1.85	2.79	2.04	0.01	0.75	1.1	M	0	1	1	0
2015-3279	4|11	<AL-BL-3>	<AL-BL-other>	2	2	4	2	0	2	0	CTL	GVEX	0.27	0.32	2.19	1.65	3.19	2.18	0.01	1.01	0.64	F	0	0	2	0
2015-2921	12|10	<AL-BL-1>	<AL-BL-2>	2	2	4	2	0	2	0	CTL	GVEX	0.25	0.34	2.1	1.77	3.22	2.09	0.01	1.13	0.64	M	0	0	2	0
2015-2923	4|4	<AL-BL-3>	<AL-BL-3>	2	2	4	2	0	2	0	CTL	GVEX	0.195	0.195	2.02	1.72	3.03	2.01	0.01	1.02	0.7	F	0	0	2	0
2015-2924	4|4	<AL-BL-3>	<AL-BL-3>	2	2	4	2	0	2	0	BD	GVEX	0.19	0.19	2.13	1.71	3.15	2.12	0.01	1.03	0.68	M	0	0	2	0
2015-2577	4|4	<AL-BL-3>	<AL-BL-3>	2	2	4	2	0	2	0	BD	GVEX	0.16	0.16	2.06	1.76	3.05	2.05	0.01	1	0.76	F	0	0	2	0
2015-3164	4|4	<AL-BL-3>	<AL-BL-3>	2	2	4	2	0	2	0	BD	GVEX	0.21	0.21	2.02	1.78	3.01	2.01	0.01	1	0.78	F	0	0	2	0
2015-3169	4|4	<AL-BL-3>	<AL-BL-3>	2	2	4	2	0	2	0	CTL	GVEX	0.15	0.15	2.07	1.75	3.03	2.06	0.01	0.97	0.78	M	0	0	2	0
2015-2945	17|17	<AL-BS-2>	<AL-BS-2>	2	2	2	2	0	0	2	BD	GVEX	0.64	0.64	2.05	1.92	2.26	2.03	0.02	0.23	1.69	F	0	2	0	0
2015-2946	4|4	<AL-BL-3>	<AL-BL-3>	2	2	4	2	0	2	0	BD	GVEX	0.16	0.16	2.03	1.75	3	2.02	0.01	0.98	0.77	F	0	0	2	0
2015-2947	17|4	<AL-BS-2>	<AL-BL-3>	2	2	3	2	0	1	1	BD	GVEX	0.66	0.24	2.03	1.76	2.74	2.02	0.01	0.72	1.04	F	0	1	1	0
2015-2948	4|4	<AL-BL-3>	<AL-BL-3>	2	2	4	2	0	2	0	BD	GVEX	0.19	0.19	2.08	1.75	3.05	2	0.08	1.05	0.7	M	0	0	2	0
2015-2579	12|12	<AL-BL-1>	<AL-BL-1>	2	2	4	2	0	2	0	CTL	GVEX	0.235	0.235	2.04	1.74	3.19	2.03	0.01	1.16	0.58	M	0	0	2	0
2015-2580	17|4	<AL-BS-2>	<AL-BL-3>	2	2	3	2	0	1	1	SCZ	GVEX	0.66	0.28	2.05	1.85	2.74	2.04	0.01	0.7	1.15	M	0	1	1	0
2015-2581	4|4	<AL-BL-3>	<AL-BL-3>	2	2	4	2	0	2	0	CTL	GVEX	0.205	0.205	2.04	1.73	3.11	2.03	0.01	1.08	0.65	M	0	0	2	0
2015-2950	8|17	<AL-BS-4>	<AL-BS-2>	2	2	2	2	0	0	2	BD	GVEX	0.37	0.64	2.02	1.87	2.55	2.01	0.01	0.54	1.33	F	0	2	0	0
2015-2606	4|4	<AL-BL-3>	<AL-BL-3>	2	2	4	2	0	2	0	SCZ	GVEX	0.19	0.19	2.02	1.73	2.99	2.01	0.01	0.98	0.75	M	0	0	2	0
2015-2582	4|4	<AL-BL-3>	<AL-BL-3>	2	2	4	2	0	2	0	CTL	GVEX	0.18	0.18	2.05	1.75	3.04	2.04	0.01	1	0.75	M	0	0	2	0
2015-3170	4|2	<AL-BL-3>	<AL-BS-1>	2	2	3	2	0	1	1	CTL	GVEX	0.33	0.18	2.05	1.73	2.96	2.04	0.01	0.92	0.81	F	0	1	1	0
2015-2583	4|4	<AL-BL-3>	<AL-BL-3>	2	2	4	2	0	2	0	BD	GVEX	0.165	0.165	2.19	1.66	3.14	2.17	0.02	0.97	0.69	F	0	0	2	0
2015-3227	4|4	<AL-BL-3>	<AL-BL-3>	2	2	4	2	0	2	0	SCZ	GVEX	0.21	0.21	2.05	1.71	3.05	2.04	0.01	1.01	0.7	M	0	0	2	0
2015-2584	4|4	<AL-BL-3>	<AL-BL-3>	2	2	4	2	0	2	0	BD	GVEX	0.185	0.185	2.07	1.72	3.08	2.06	0.01	1.02	0.7	F	0	0	2	0
2015-2585	17|4	<AL-BS-2>	<AL-BL-3>	2	2	3	2	0	1	1	SCZ	GVEX	0.65	0.29	2.1	1.82	2.8	2.09	0.01	0.71	1.11	F	0	1	1	0
2015-3228	4|4	<AL-BL-3>	<AL-BL-3>	2	2	4	2	0	2	0	BD	GVEX	0.17	0.17	2.04	1.7	3.04	2.03	0.01	1.01	0.69	F	0	0	2	0
2015-2951	17|4	<AL-BS-2>	<AL-BL-3>	2	2	3	2	0	1	1	CTL	GVEX	0.76	0.26	2.03	1.83	2.63	2.02	0.01	0.61	1.22	F	0	1	1	0
2015-3167	10|6	<AL-BL-2>	<AL-AL-2>	3	1	4	3	0	1	0	CTL	GVEX	0.42	0.2	2.12	1.64	3.09	2.11	0.01	0.98	0.66	M	0	0	1	1
2015-2607	4|7	<AL-BL-3>	<AL-BS-3>	2	2	3	2	0	1	1	BD	GVEX	0.28	0.22	2.05	1.89	2.87	2.04	0.01	0.83	1.06	M	0	1	1	0
2015-3231	4|4	<AL-BL-3>	<AL-BL-3>	2	2	4	2	0	2	0	CTL	GVEX	0.185	0.185	2.02	1.71	2.97	2.01	0.01	0.96	0.75	M	0	0	2	0
2015-3232	4|4	<AL-BL-3>	<AL-BL-3>	2	2	4	2	0	2	0	SCZ	GVEX	0.16	0.16	2.05	1.77	3.04	2.04	0.01	1	0.77	F	0	0	2	0
2015-2586	17|4	<AL-BS-2>	<AL-BL-3>	2	2	3	2	0	1	1	SCZ	GVEX	0.69	0.21	2.03	1.85	2.69	2.02	0.01	0.67	1.18	M	0	1	1	0
2015-2587	4|6	<AL-BL-3>	<AL-AL-2>	3	1	4	3	0	1	0	CTL	GVEX	0.3	0.2	2.15	1.62	2.99	2.14	0.01	0.85	0.77	M	0	0	1	1
2015-2588	4|4	<AL-BL-3>	<AL-BL-3>	2	2	4	2	0	2	0	CTL	GVEX	0.18	0.18	2	1.73	2.97	1.99	0.01	0.98	0.75	M	0	0	2	0
2015-3079	4|4	<AL-BL-3>	<AL-BL-3>	2	2	4	2	0	2	0	CTL	GVEX	0.19	0.19	2	1.71	2.95	1.99	0.01	0.96	0.75	M	0	0	2	0
2015-2589	4|4	<AL-BL-3>	<AL-BL-3>	2	2	4	2	0	2	0	SCZ	GVEX	0.17	0.17	2.11	1.74	3.14	2.09	0.02	1.05	0.69	M	0	0	2	0
2015-2590	4|17	<AL-BL-3>	<AL-BS-2>	2	2	3	2	0	1	1	SCZ	GVEX	0.21	0.79	2.05	1.9	2.56	2.04	0.01	0.52	1.38	M	0	1	1	0
2015-3080	4|4	<AL-BL-3>	<AL-BL-3>	2	2	4	2	0	2	0	BD	GVEX	0.165	0.165	2.03	1.72	3	2.02	0.01	0.98	0.74	F	0	0	2	0
2015-2608	4|4	<AL-BL-3>	<AL-BL-3>	2	2	4	2	0	2	0	SCZ	GVEX	0.19	0.19	2	1.71	2.95	1.99	0.01	0.96	0.75	F	0	0	2	0
2015-3081	4|4	<AL-BL-3>	<AL-BL-3>	2	2	4	2	0	2	0	CTL	GVEX	0.19	0.19	2.09	1.72	3.08	2.08	0.01	1	0.72	M	0	0	2	0
2015-2591	4|4	<AL-BL-3>	<AL-BL-3>	2	2	4	2	0	2	0	CTL	GVEX	0.17	0.17	2.13	1.67	3.03	2.12	0.01	0.91	0.76	M	0	0	2	0
2015-2592	4|17	<AL-BL-3>	<AL-BS-2>	2	2	3	2	0	1	1	SCZ	GVEX	0.22	0.65	2.1	1.81	2.72	2.09	0.01	0.63	1.18	M	0	1	1	0
2015-2578	4|4	<AL-BL-3>	<AL-BL-3>	2	2	4	2	0	2	0	SCZ	GVEX	0.18	0.18	2.05	1.76	3.04	2.04	0.01	1	0.76	F	0	0	2	0
2015-3282	4|17	<AL-BL-3>	<AL-BS-2>	2	2	3	2	0	1	1	SCZ	GVEX	0.24	0.66	2.07	1.86	2.72	2.06	0.01	0.66	1.2	M	0	1	1	0
2015-3085	11|4	<AL-BL-other>	<AL-BL-3>	2	2	4	2	0	2	0	BD	GVEX	0.36	0.3	2.14	1.76	3.23	2.12	0.02	1.11	0.65	M	0	0	2	0
2015-3086	4|17	<AL-BL-3>	<AL-BS-2>	2	2	3	2	0	1	1	CTL	GVEX	0.18	0.65	2.04	1.86	2.54	2.03	0.01	0.51	1.35	M	0	1	1	0
2015-3283	4|10	<AL-BL-3>	<AL-BL-2>	2	2	4	2	0	2	0	BD	GVEX	0.33	0.22	2.1	1.66	2.95	2.09	0.01	0.86	0.8	M	0	0	2	0
2015-3284	4|4	<AL-BL-3>	<AL-BL-3>	2	2	4	2	0	2	0	CTL	GVEX	0.175	0.175	2.07	1.7	3.07	2.06	0.01	1.01	0.69	F	0	0	2	0
2016-885	4|4	<AL-BL-3>	<AL-BL-3>	2	2	4	2	0	2	0	BD	GVEX	0.2	0.2	2.02	1.7	2.98	2.01	0.01	0.97	0.73	M	0	0	2	0
2015-2949	11|8	<AL-BL-other>	<AL-BS-4>	2	2	3	2	0	1	1	SCZ	GVEX	0.25	0.29	2.13	1.66	3.03	2.12	0.01	0.91	0.75	F	0	1	1	0
2015-3082	17|4	<AL-BS-2>	<AL-BL-3>	2	2	3	2	0	1	1	SCZ	GVEX	0.65	0.28	1.99	1.85	2.71	1.98	0.01	0.73	1.12	F	0	1	1	0
2015-3233	4|4	<AL-BL-3>	<AL-BL-3>	2	2	4	2	0	2	0	SCZ	GVEX	0.165	0.165	2.07	1.75	3	2.06	0.01	0.94	0.81	M	0	0	2	0
2015-3083	4|2	<AL-BL-3>	<AL-BS-1>	2	2	3	2	0	1	1	CTL	GVEX	0.31	0.19	2.04	1.8	2.94	2.03	0.01	0.91	0.89	M	0	1	1	0
2015-2593	10|17	<AL-BL-2>	<AL-BS-2>	2	2	3	2	0	1	1	CTL	GVEX	0.17	0.65	2.09	1.86	2.83	2.08	0.01	0.75	1.11	M	0	1	1	0
2015-2594	4|4	<AL-BL-3>	<AL-BL-3>	2	2	4	2	0	2	0	SCZ	GVEX	0.19	0.19	2.06	1.75	3.05	2.05	0.01	1	0.75	M	0	0	2	0
2015-3084	6|4	<AL-AL-2>	<AL-BL-3>	3	1	4	3	0	1	0	CTL	GVEX	0.2	0.31	2.14	1.66	3.06	2.13	0.01	0.93	0.73	F	0	0	1	1
2016-862	10|4	<AL-BL-2>	<AL-BL-3>	2	2	4	2	0	2	0	CTL	GVEX	0.26	0.29	2.14	1.67	3.06	2.13	0.01	0.93	0.74	M	0	0	2	0
2016-796	6|4	<AL-AL-2>	<AL-BL-3>	3	1	4	3	0	1	0	CTL	GVEX	0.21	0.29	2.16	1.66	3.04	2.15	0.01	0.89	0.77	M	0	0	1	1
2016-794	8|9	<AL-BS-4>	<AL-BS-5>	2	2	2	2	0	0	2	BD	GVEX	0.29	0.23	2.04	1.76	2.9	2.03	0.01	0.87	0.89	F	0	2	0	0
2016-829	4|4	<AL-BL-3>	<AL-BL-3>	2	2	4	2	0	2	0	BD	GVEX	0.19	0.19	2.05	1.78	3.04	2.04	0.01	1	0.78	M	0	0	2	0
2016-888	4|4	<AL-BL-3>	<AL-BL-3>	2	2	4	2	0	2	0	CTL	GVEX	0.18	0.18	2.06	1.76	3.06	2.05	0.01	1.01	0.75	F	0	0	2	0
2016-827	4|17	<AL-BL-3>	<AL-BS-2>	2	2	3	2	0	1	1	CTL	GVEX	0.23	0.66	2.18	1.72	2.8	2.17	0.01	0.63	1.09	M	0	1	1	0
2016-823	10|4	<AL-BL-2>	<AL-BL-3>	2	2	4	2	0	2	0	CTL	GVEX	0.25	0.3	2.12	1.69	3.06	2.11	0.01	0.95	0.74	M	0	0	2	0
2016-791	10|4	<AL-BL-2>	<AL-BL-3>	2	2	4	2	0	2	0	SCZ	GVEX	0.37	0.32	2.04	1.74	3.1	2.03	0.01	1.07	0.67	M	0	0	2	0
2016-865	4|4	<AL-BL-3>	<AL-BL-3>	2	2	4	2	0	2	0	BD	GVEX	0.19	0.19	2.04	1.74	3	2.03	0.01	0.97	0.77	M	0	0	2	0
2016-793	4|4	<AL-BL-3>	<AL-BL-3>	2	2	4	2	0	2	0	SCZ	GVEX	0.2	0.2	2.03	1.73	3.04	2.02	0.01	1.02	0.71	F	0	0	2	0
2016-887	4|4	<AL-BL-3>	<AL-BL-3>	2	2	4	2	0	2	0	SCZ	GVEX	0.15	0.15	2.04	1.77	2.94	2.03	0.01	0.91	0.86	M	0	0	2	0
2016-826	4|4	<AL-BL-3>	<AL-BL-3>	2	2	4	2	0	2	0	BD	GVEX	0.15	0.15	2.14	1.77	3.08	2.07	0.07	1.01	0.76	M	0	0	2	0
2016-872	4|4	<AL-BL-3>	<AL-BL-3>	2	2	4	2	0	2	0	CTL	GVEX	0.175	0.175	2.09	1.8	3.07	2.01	0.08	1.06	0.74	F	0	0	2	0
2016-869	4|4	<AL-BL-3>	<AL-BL-3>	2	2	4	2	0	2	0	CTL	GVEX	0.195	0.195	2.05	1.72	3.02	2.04	0.01	0.98	0.74	M	0	0	2	0
2016-867	10|4	<AL-BL-2>	<AL-BL-3>	2	2	4	2	0	2	0	CTL	GVEX	0.33	0.32	2.13	1.75	3.18	2.11	0.02	1.07	0.68	M	0	0	2	0
2016-863	8|4	<AL-BS-4>	<AL-BL-3>	2	2	3	2	0	1	1	CTL	GVEX	0.3	0.28	2.04	1.76	2.93	2.03	0.01	0.9	0.86	M	0	1	1	0
2016-866	4|4	<AL-BL-3>	<AL-BL-3>	2	2	4	2	0	2	0	BD	GVEX	0.17	0.17	1.97	1.75	2.88	1.96	0.01	0.92	0.83	F	0	0	2	0
2016-792	4|11	<AL-BL-3>	<AL-BL-other>	2	2	4	2	0	2	0	BD	GVEX	0.29	0.3	2.03	1.76	3.01	2.02	0.01	0.99	0.77	F	0	0	2	0
2016-864	4|3	<AL-BL-3>	<BS>	1	2	2	1	0	1	1	CTL	GVEX	0.33	0.24	1.97	1.78	2.92	1.96	0.01	0.96	0.82	M	1	0	1	0
2016-868	4|8	<AL-BL-3>	<AL-BS-4>	2	2	3	2	0	1	1	CTL	GVEX	0.28	0.46	2.04	1.79	2.88	2.03	0.01	0.85	0.94	F	0	1	1	0
2016-833	4|11	<AL-BL-3>	<AL-BL-other>	2	2	4	2	0	2	0	SCZ	GVEX	0.33	0.34	2.06	1.73	3.13	2.05	0.01	1.08	0.65	M	0	0	2	0
2016-834	4|11	<AL-BL-3>	<AL-BL-other>	2	2	4	2	0	2	0	SCZ	GVEX	0.27	0.25	2.13	1.66	3.03	2.12	0.01	0.91	0.75	M	0	0	2	0
2016-800	10|4	<AL-BL-2>	<AL-BL-3>	2	2	4	2	0	2	0	CTL	GVEX	0.27	0.29	2.01	1.71	2.93	2	0.01	0.93	0.78	F	0	0	2	0
2016-797	4|4	<AL-BL-3>	<AL-BL-3>	2	2	4	2	0	2	0	BD	GVEX	0.185	0.185	2.09	1.74	3.09	2.08	0.01	1.01	0.73	M	0	0	2	0
2016-795	4|4	<AL-BL-3>	<AL-BL-3>	2	2	4	2	0	2	0	BD	GVEX	0.19	0.19	2.1	1.68	3.08	2.09	0.01	0.99	0.69	M	0	0	2	0
2016-831	4|4	<AL-BL-3>	<AL-BL-3>	2	2	4	2	0	2	0	SCZ	GVEX	0.155	0.155	2.13	1.67	3.05	2.12	0.01	0.93	0.74	M	0	0	2	0
2016-799	9|10	<AL-BS-5>	<AL-BL-2>	2	2	3	2	0	1	1	BD	GVEX	0.18	0.24	2.03	1.73	2.81	2.01	0.02	0.8	0.93	M	0	1	1	0
2016-870	4|11	<AL-BL-3>	<AL-BL-other>	2	2	4	2	0	2	0	SCZ	GVEX	0.31	0.36	2.07	1.77	3.15	2.06	0.01	1.09	0.68	F	0	0	2	0
2016-871	17|4	<AL-BS-2>	<AL-BL-3>	2	2	3	2	0	1	1	CTL	GVEX	0.76	0.27	2.02	1.86	2.61	2.01	0.01	0.6	1.26	F	0	1	1	0
2016-824	4|17	<AL-BL-3>	<AL-BS-2>	2	2	3	2	0	1	1	BD	GVEX	0.3	0.65	2	1.78	2.63	1.99	0.01	0.64	1.14	M	0	1	1	0
2016-830	6|4	<AL-AL-2>	<AL-BL-3>	3	1	4	3	0	1	0	SCZ	GVEX	0.21	0.3	2.17	1.69	3.07	2.16	0.01	0.91	0.78	M	0	0	1	1
2016-828	12|4	<AL-BL-1>	<AL-BL-3>	2	2	4	2	0	2	0	BD	GVEX	0.3	0.34	2.03	1.76	3.15	2.02	0.01	1.13	0.63	M	0	0	2	0
2016-801	4|4	<AL-BL-3>	<AL-BL-3>	2	2	4	2	0	2	0	BD	GVEX	0.155	0.155	2.03	1.78	3.02	2.02	0.01	1	0.78	M	0	0	2	0
2016-790	12|4	<AL-BL-1>	<AL-BL-3>	2	2	4	2	0	2	0	SCZ	GVEX	0.28	0.35	2.05	1.72	3.16	2.04	0.01	1.12	0.6	F	0	0	2	0
Br1370	10|4	<AL-BL-2>	<AL-BL-3>	2	2	4	2	0	2	0	SCZ	LIBD1M	0.67	0.63	2.18	1.69	3.83	2.18	0	1.65	0.04	M	0	0	2	0
Br1524	7|8	<AL-BS-3>	<AL-BS-4>	2	2	2	2	0	0	2	CTL	LIBD1M	0.82	0.96	1.99	1.98	2.03	1.96	0.03	0.07	1.91	F	0	2	0	0
Br1858	4|3	<AL-BL-3>	<BS>	1	2	2	1	0	1	1	CTL	LIBD1M	0.64	0.95	1.13	1.88	2.02	1.13	0	0.89	0.99	M	1	0	1	0
Br1873	4|12	<AL-BL-3>	<AL-BL-1>	2	2	4	2	0	2	0	CTL	LIBD1M	0.56	0.57	2.14	1.76	3.43	2.14	0	1.29	0.47	F	0	0	2	0
Br1879	8|4	<AL-BS-4>	<AL-BL-3>	2	2	3	2	0	1	1	CTL	LIBD1M	0.82	0.55	2.2	1.69	3.02	2.2	0	0.82	0.87	F	0	1	1	0
Br1962	1|6	<AL-AL-1>	<AL-AL-2>	4	0	4	4	0	0	0	CTL	LIBD1M	0.93	0.65	3.68	0.29	3.9	3.68	0	0.22	0.07	M	0	0	0	2
Br1977	14|4	<AL-BS-other>	<AL-BL-3>	2	2	3	2	0	1	1	CTL	LIBD1M	0.59	1	2	1.86	3.12	2	0	1.12	0.74	M	0	1	1	0
Br2103	11|10	<AL-BL-other>	<AL-BL-2>	2	2	4	2	0	2	0	CTL	LIBD1M	0.39	0.65	2.42	1.55	3.72	2.4	0.02	1.32	0.23	M	0	0	2	0
Br2231	3|10	<BS>	<AL-BL-2>	1	2	2	1	0	1	1	SCZ	LIBD1M	0.95	0.73	1.01	1.97	2.01	1.01	0	1	0.97	M	1	0	1	0
Br1627	19|1	<AL>	<AL-AL-1>	3	0	3	3	0	0	0	CTL	LIBDh650	0.96	0.57	2.63	0.4	2.64	2.63	0	0.01	0.39	F	0	0	0	1
Br1844	8|2	<AL-BS-4>	<AL-BS-1>	2	2	2	2	0	0	2	CTL	LIBDh650	0.96	0.96	1.92	1.92	1.92	1.92	0	0	1.92	M	0	2	0	0
Br1857	2|3	<AL-BS-1>	<BS>	1	2	1	1	0	0	2	CTL	LIBDh650	0.68	0.94	0.99	1.9	1.26	0.99	0	0.27	1.63	F	1	1	0	0
Br1881	12|5	<AL-BL-1>	<AL-AS-BL>	3	2	4	2	1	2	0	CTL	LIBDh650	0.77	0.64	2.6	1.9	3.85	1.96	0.64	1.89	0.01	M	0	0	1	0
Br1244	4|10	<AL-BL-3>	<AL-BL-2>	2	2	4	2	0	2	0	CTL	LIBDh650	0.73	0.76	2.14	1.83	3.94	2.14	0	1.8	0.03	F	0	0	2	0
Br1379	10|1	<AL-BL-2>	<AL-AL-1>	3	1	4	3	0	1	0	CTL	LIBDh650	0.85	0.34	2.39	1.59	3.76	2.37	0.02	1.39	0.2	M	0	0	1	1
Br1380	10|10	<AL-BL-2>	<AL-BL-2>	2	2	4	2	0	2	0	CTL	LIBDh650	0.76	0.76	2.02	1.97	3.97	2.02	0	1.95	0.02	F	0	0	2	0
Br1412	5|4	<AL-AS-BL>	<AL-BL-3>	3	2	4	2	1	2	0	CTL	LIBDh650	0.94	0.94	2.86	1.94	3.86	1.92	0.94	1.94	0	F	0	0	1	0
Br1553	6|6	<AL-AL-2>	<AL-AL-2>	4	0	4	4	0	0	0	CTL	LIBDh650	0.81	0.81	3.87	0.15	3.99	3.87	0	0.12	0.03	F	0	0	0	2
Br1647	4|3	<AL-BL-3>	<BS>	1	2	2	1	0	1	1	CTL	LIBDh650	0.79	0.95	1.03	1.9	1.97	1.03	0	0.94	0.96	M	1	0	1	0
Br1670	4|9	<AL-BL-3>	<AL-BS-5>	2	2	3	2	0	1	1	CTL	LIBDh650	0.81	0.93	1.97	1.89	2.89	1.97	0	0.92	0.97	F	0	1	1	0
Br1845	19|14	<AL>	<AL-BS-other>	2	1	2	2	0	0	1	CTL	LIBDh650	0.96	0.96	1.92	0.96	1.92	1.92	0	0	0.96	M	0	1	0	0
Br1846	9|4	<AL-BS-5>	<AL-BL-3>	2	2	3	2	0	1	1	CTL	LIBDh650	0.68	0.52	2.23	1.9	3.27	2.23	0	1.04	0.86	M	0	1	1	0
Br1847	1|3	<AL-AL-1>	<BS>	2	1	2	2	0	0	1	CTL	LIBDh650	0.93	0.95	1.9	0.98	1.93	1.9	0	0.03	0.95	M	1	0	0	1
Br1848	4|4	<AL-BL-3>	<AL-BL-3>	2	2	4	2	0	2	0	CTL	LIBDh650	0.65	0.65	2.43	1.98	4.4	2.43	0	1.97	0.01	M	0	0	2	0
Br1849	6|2	<AL-AL-2>	<AL-BS-1>	3	1	3	3	0	0	1	CTL	LIBDh650	0.79	0.87	2.95	1.03	3.09	2.95	0	0.14	0.89	M	0	1	0	1
Br1851	8|10	<AL-BS-4>	<AL-BL-2>	2	2	3	2	0	1	1	CTL	LIBDh650	0.96	0.8	2	1.93	2.97	2	0	0.97	0.96	F	0	1	1	0
Br1853	3|4	<BS>	<AL-BL-3>	1	2	2	1	0	1	1	CTL	LIBDh650	0.95	0.94	0.98	1.9	1.93	0.98	0	0.95	0.95	M	1	0	1	0
Br1854	1|8	<AL-AL-1>	<AL-BS-4>	3	1	3	3	0	0	1	CTL	LIBDh650	0.88	1	2.83	1.07	2.87	2.83	0	0.04	1.03	M	0	1	0	1
Br1855	8|4	<AL-BS-4>	<AL-BL-3>	2	2	3	2	0	1	1	CTL	LIBDh650	1.02	0.27	2.05	1.87	2.61	2.02	0.03	0.59	1.28	M	0	1	1	0
Br1856	6|2	<AL-AL-2>	<AL-BS-1>	3	1	3	3	0	0	1	CTL	LIBDh650	0.82	0.96	2.93	1.02	2.97	2.93	0	0.04	0.98	F	0	1	0	1
Br1863	7|9	<AL-BS-3>	<AL-BS-5>	2	2	2	2	0	0	2	CTL	LIBDh650	0.96	0.96	1.92	1.92	1.92	1.92	0	0	1.92	M	0	2	0	0
Br1866	14|10	<AL-BS-other>	<AL-BL-2>	2	2	3	2	0	1	1	CTL	LIBDh650	0.96	0.63	2.2	1.69	2.9	2.2	0	0.7	0.99	F	0	1	1	0
Br1868	1|10	<AL-AL-1>	<AL-BL-2>	3	1	4	3	0	1	0	CTL	LIBDh650	0.93	0.76	2.94	0.94	3.87	2.94	0	0.93	0.01	M	0	0	1	1
Br1870	8|19	<AL-BS-4>	<AL>	2	1	2	2	0	0	1	CTL	LIBDh650	0.96	0.96	1.92	0.96	1.92	1.92	0	0	0.96	M	0	1	0	0
Br1872	4|4	<AL-BL-3>	<AL-BL-3>	2	2	4	2	0	2	0	CTL	LIBDh650	0.73	0.73	2.22	1.7	3.89	2.22	0	1.67	0.03	F	0	0	2	0
Br1874	19|6	<AL>	<AL-AL-2>	3	0	3	3	0	0	0	CTL	LIBDh650	0.96	0.89	2.84	0.09	2.93	2.84	0	0.09	0	F	0	0	0	1
Br1875	2|3	<AL-BS-1>	<BS>	1	2	1	1	0	0	2	CTL	LIBDh650	0.56	0.95	1.03	1.93	1.42	1.03	0	0.39	1.54	F	1	1	0	0
Br1877	11|14	<AL-BL-other>	<AL-BS-other>	2	2	3	2	0	1	1	CTL	LIBDh650	0.48	0.97	2.08	1.85	2.96	2.08	0	0.88	0.97	M	0	1	1	0
Br1878	3|4	<BS>	<AL-BL-3>	1	2	2	1	0	1	1	CTL	LIBDh650	0.81	0.64	1.39	1.76	2.27	1.39	0	0.88	0.88	M	1	0	1	0
Br1876	10|11	<AL-BL-2>	<AL-BL-other>	2	2	4	2	0	2	0	CTL	LIBDh650	0.73	0.46	2.26	1.69	3.71	2.26	0	1.45	0.24	M	0	0	2	0
Br1961	3|8	<BS>	<AL-BS-4>	1	2	1	1	0	0	2	CTL	LIBDh650	0.95	0.96	0.97	1.91	0.97	0.97	0	0	1.91	M	1	1	0	0
Br1966	3|3	<BS>	<BS>	0	2	0	0	0	0	2	CTL	LIBDh650	0.94	0.94	0.03	1.88	0.03	0.03	0	0	1.88	M	2	0	0	0
Br1674	2|23	<AL-BS-1>	<AL-AL-AL>	4	1	4	4	0	0	1	CTL	Bipseq650	0.876666666666667	0.463333333333333	3.38	1.02	3.45666666666667	3.38	0	0.0766666666666667	0.943333333333334	M	0	1	0	1
Br1960	4|5	<AL-BL-3>	<AL-AS-BL>	3	2	4	2	1	2	0	CTL	Bipseq1M	0.66	0.446666666666667	2.54333333333333	1.78666666666667	3.79666666666667	2.09666666666667	0.446666666666667	1.7	0.0866666666666666	M	0	0	1	0
Br2022	19|4	<AL>	<AL-BL-3>	2	1	3	2	0	1	0	BD	Bipseq1M	0.94	0.555	2.27	0.96	3.19	2.27	0	0.92	0.04	M	0	0	1	0
Br1163	8|8	<AL-BS-4>	<AL-BS-4>	2	2	2	2	0	0	2	BD	Bipseq1M	0.515	0.515	2.01	1.83	2.385	2.01	0	0.375	1.455	F	0	2	0	0
Br1764	6|6	<AL-AL-2>	<AL-AL-2>	4	0	4	4	0	0	0	CTL	Bipseq1M	0.563333333333335	0.563333333333335	3.39333333333334	0.68	4.02666666666668	3.39333333333334	0	0.633333333333334	0.0466666666666667	M	0	0	0	2
Br2476	21|21	<AL-BS-BS>	<AL-BS-BS>	2	4	2	2	0	0	4	CTL	Bipseq5M	0.4775	0.4775	2.33	2.545	2.62	2.33	0	0.29	2.255	M	0	2	0	0
Br2520	17|17	<AL-BS-2>	<AL-BS-2>	2	2	2	2	0	0	2	BD	Bipseq2pt5M	0.6525	0.6525	2.01	1.915	2.43	2.01	0	0.42	1.495	M	0	2	0	0
Br2469	3|19	<BS>	<AL>	1	1	1	1	0	0	1	BD	Bipseq2pt5M	0.81	0.59	1.22	1.275	1.495	1.22	0	0.275	1	F	1	0	0	0
Br2474	8|1	<AL-BS-4>	<AL-AL-1>	3	1	3	3	0	0	1	CTL	Bipseq5M	0.875	0.505	2.465	1.385	2.765	2.465	0	0.3	1.085	M	0	1	0	1
Br2052	9|9	<AL-BS-5>	<AL-BS-5>	2	2	2	2	0	0	2	CTL	Bipseq5M	0.45	0.45	2.345	1.57	2.945	2.345	0	0.6	0.97	M	0	2	0	0
Br2272	4|13	<AL-BL-3>	<AL-AL-BL>	3	2	5	3	0	2	0	BD	Bipseq2pt5M	0.47	0.465	2.57	1.735	3.825	2.57	0	1.255	0.48	F	0	0	1	1
Br2301	10|9	<AL-BL-2>	<AL-BS-5>	2	2	3	2	0	1	1	CTL	Bipseq5M	0.615	0.5	2.06	1.865	3.295	2.06	0	1.235	0.63	M	0	1	1	0
Br1497	4|4	<AL-BL-3>	<AL-BL-3>	2	2	4	2	0	2	0	SCZ	CMCset2	0.65	0.65	2.395	1.84	4.18	2.395	0	1.785	0.055	M	0	0	2	0
Br1498	4|11	<AL-BL-3>	<AL-BL-other>	2	2	4	2	0	2	0	SCZ	CMCset2	0.8	0.53	2.44	1.865	3.86	2	0.44	1.86	0.005	F	0	0	2	0
Br1526	7|4	<AL-BS-3>	<AL-BL-3>	2	2	3	2	0	1	1	SCZ	CMCset2	0.99	0.535	2.085	1.91	2.785	2.07	0.015	0.715	1.195	M	0	1	1	0
Br1624	4|4	<AL-BL-3>	<AL-BL-3>	2	2	4	2	0	2	0	SCZ	CMCset2	0.4125	0.4125	2.28	1.865	3.58	2.045	0.235	1.535	0.33	F	0	0	2	0
Br2108	4|11	<AL-BL-3>	<AL-BL-other>	2	2	4	2	0	2	0	CTL	CMCset2	0.805	0.59	2.39	1.885	3.855	1.995	0.395	1.86	0.025	M	0	0	2	0
Br2159	21|9	<AL-BS-BS>	<AL-BS-5>	2	3	2	2	0	0	3	SCZ	CMCset2	0.54	0.45	2.005	2.46	2.38	2.005	0	0.375	2.085	M	0	2	0	0
Br2173	4|12	<AL-BL-3>	<AL-BL-1>	2	2	4	2	0	2	0	SCZ	CMCset2	0.86	0.515	2.025	1.86	3.61	2.025	0	1.585	0.275	M	0	0	2	0
Br2200	8|8	<AL-BS-4>	<AL-BS-4>	2	2	2	2	0	0	2	SCZ	CMCset2	0.525	0.525	2.01	1.935	2.765	2.01	0	0.755	1.18	M	0	2	0	0
Br2202	6|4	<AL-AL-2>	<AL-BL-3>	3	1	4	3	0	1	0	CTL	CMCset2	0.81	0.535	2.63	0.995	3.605	2.63	0	0.975	0.02	M	0	0	1	1
Br827	10|10	<AL-BL-2>	<AL-BL-2>	2	2	4	2	0	2	0	CTL	CMCset2	0.395	0.395	2.22	1.64	3.405	2.22	0	1.185	0.455	M	0	0	2	0
Br1446	7|8	<AL-BS-3>	<AL-BS-4>	2	2	2	2	0	0	2	CTL	Bipseq650	0.875	0.455	1.98	1.94	2.46	1.96	0.02	0.5	1.44	M	0	2	0	0
